id,person_id,place,receive_time,sensor_num,x_coordinate,y_coordinate,size,area1_stay_time,area2_stay_time
0,2021020600010002261,0001,2021-02-06 08:00:00.092,2,6158,4540,529,1,1
1,2021020600010002262,0001,2021-02-06 08:00:00.092,2,407,4199,401,0,0
2,2021020600010002261,0001,2021-02-06 08:00:01.107,2,7568,4594,477,2,2
3,2021020600010002262,0001,2021-02-06 08:00:01.107,2,2015,3851,361,0,0
4,2021020600010002261,0001,2021-02-06 08:00:02.123,2,9049,4671,619,2,2
5,2021020600010002262,0001,2021-02-06 08:00:02.123,2,3591,3644,531,0,0
6,2021020600010002261,0001,2021-02-06 08:00:03.139,2,10294,4538,643,3,3
7,2021020600010002262,0001,2021-02-06 08:00:03.139,2,5199,3476,553,1,1
8,2021020600010002261,0001,2021-02-06 08:00:04.154,2,11714,4298,615,3,3
9,2021020600010002262,0001,2021-02-06 08:00:04.154,2,6706,3381,461,1,1
10,2021020600010002261,0001,2021-02-06 08:00:05.169,2,13089,4105,635,3,3
11,2021020600010002262,0001,2021-02-06 08:00:05.169,2,8328,3386,435,2,2
12,2021020600010002262,0001,2021-02-06 08:00:06.184,2,10135,3309,518,2,2
13,2021020600010002262,0001,2021-02-06 08:00:07.2,2,11773,3257,532,2,2
14,2021020600010002262,0001,2021-02-06 08:00:08.215,2,13264,3123,443,3,3
15,2021020600010002268,0001,2021-02-06 08:01:07.052,2,711,4368,425,0,0
16,2021020600010002268,0001,2021-02-06 08:01:08.067,2,2306,4271,445,0,0
17,2021020600010002268,0001,2021-02-06 08:01:09.068,2,3706,4100,415,0,0
18,2021020600010002269,0001,2021-02-06 08:01:09.068,2,14,2942,510,0,0
19,2021020600010002268,0001,2021-02-06 08:01:10.083,2,5257,3980,433,1,1
20,2021020600010002269,0001,2021-02-06 08:01:10.083,2,1472,2772,435,0,0
21,2021020600010002268,0001,2021-02-06 08:01:11.099,2,6690,3826,496,1,1
22,2021020600010002269,0001,2021-02-06 08:01:11.099,2,2888,2699,372,0,0
23,2021020600010002268,0001,2021-02-06 08:01:12.115,2,8253,3675,477,2,2
24,2021020600010002269,0001,2021-02-06 08:01:12.115,2,4351,2675,366,1,1
25,2021020600010002268,0001,2021-02-06 08:01:13.13,2,9783,3562,467,2,2
26,2021020600010002269,0001,2021-02-06 08:01:13.13,2,5881,2708,362,1,1
27,2021020600010002268,0001,2021-02-06 08:01:14.145,2,11460,3400,437,3,3
28,2021020600010002269,0001,2021-02-06 08:01:14.145,2,6219,2700,403,2,2
29,2021020600010002270,0001,2021-02-06 08:01:14.145,2,7562,2894,530,0,0
30,2021020600010002268,0001,2021-02-06 08:01:15.161,2,13005,3247,424,3,3
31,2021020600010002269,0001,2021-02-06 08:01:15.161,2,6219,2700,403,2,2
32,2021020600010002270,0001,2021-02-06 08:01:15.161,2,9037,2859,503,0,0
33,2021020600010002269,0001,2021-02-06 08:01:16.176,2,6219,2700,403,2,2
34,2021020600010002270,0001,2021-02-06 08:01:16.176,2,10542,2816,529,1,1
35,2021020600010002270,0001,2021-02-06 08:01:17.191,2,12045,2859,502,1,1
36,2021020600010002270,0001,2021-02-06 08:01:18.207,2,13658,2899,469,1,1
37,2021020600010002276,0001,2021-02-06 08:02:42.411,2,585,3484,506,0,0
38,2021020600010002276,0001,2021-02-06 08:02:43.426,2,2345,3051,481,0,0
39,2021020600010002276,0001,2021-02-06 08:02:44.441,2,4115,3108,584,0,0
40,2021020600010002276,0001,2021-02-06 08:02:45.457,2,6062,2953,583,1,1
41,2021020600010002276,0001,2021-02-06 08:02:46.472,2,7842,2801,534,1,1
42,2021020600010002276,0001,2021-02-06 08:02:47.488,2,9488,2642,555,2,2
43,2021020600010002276,0001,2021-02-06 08:02:48.503,2,11360,2492,660,2,2
44,2021020600010002276,0001,2021-02-06 08:02:49.518,2,13066,2449,655,2,2
45,2021020600010002294,0001,2021-02-06 08:05:19.669,2,14061,3482,361,0,0
46,2021020600010002294,0001,2021-02-06 08:05:20.685,2,12267,3402,585,0,0
47,2021020600010002294,0001,2021-02-06 08:05:21.7,2,10782,3349,517,0,0
48,2021020600010002294,0001,2021-02-06 08:05:22.716,2,9092,3356,603,1,1
49,2021020600010002294,0001,2021-02-06 08:05:23.717,2,7477,3370,653,1,1
50,2021020600010002294,0001,2021-02-06 08:05:24.732,2,5764,3331,603,2,2
51,2021020600010002294,0001,2021-02-06 08:05:25.747,2,4248,3341,564,2,2
52,2021020600010002294,0001,2021-02-06 08:05:26.763,2,2653,3371,440,2,2
53,2021020600010002294,0001,2021-02-06 08:05:27.778,2,993,3724,373,3,3
54,2021020600010002297,0001,2021-02-06 08:05:51.118,2,958,2781,427,0,0
55,2021020600010002297,0001,2021-02-06 08:05:52.133,2,2579,2789,509,0,0
56,2021020600010002297,0001,2021-02-06 08:05:53.149,2,4459,2862,581,1,1
57,2021020600010002297,0001,2021-02-06 08:05:54.162,2,6103,2850,567,1,1
58,2021020600010002297,0001,2021-02-06 08:05:55.177,2,7794,2956,614,1,1
59,2021020600010002297,0001,2021-02-06 08:05:56.193,2,9621,3037,661,2,2
60,2021020600010002297,0001,2021-02-06 08:05:57.208,2,11308,2952,587,2,2
61,2021020600010002297,0001,2021-02-06 08:05:58.224,2,12993,2822,601,3,3
62,2021020600010002302,0001,2021-02-06 08:06:14.456,2,1374,2159,502,0,0
63,2021020600010002302,0001,2021-02-06 08:06:15.471,2,3231,2019,534,0,0
64,2021020600010002302,0001,2021-02-06 08:06:16.486,2,4989,1686,497,0,0
65,2021020600010002302,0001,2021-02-06 08:06:17.502,2,6623,1215,482,1,1
66,2021020600010002302,0001,2021-02-06 08:06:18.517,2,8351,732,524,1,1
67,2021020600010002302,0001,2021-02-06 08:06:19.533,2,10321,609,498,2,2
68,2021020600010002302,0001,2021-02-06 08:06:20.548,2,12156,577,559,2,2
69,2021020600010002302,0001,2021-02-06 08:06:21.563,2,13863,536,393,2,2
70,2021020600010002302,0001,2021-02-06 08:06:22.579,2,13863,536,393,3,3
71,2021020600010002302,0001,2021-02-06 08:06:23.58,2,13863,536,393,3,3
72,2021020600010002302,0001,2021-02-06 08:06:24.595,2,13863,536,393,4,4
73,2021020600010002303,0001,2021-02-06 08:06:24.595,2,69,4082,503,0,0
74,2021020600010002303,0001,2021-02-06 08:06:25.611,2,1571,3417,416,0,0
75,2021020600010002303,0001,2021-02-06 08:06:26.626,2,3289,2973,447,0,0
76,2021020600010002303,0001,2021-02-06 08:06:27.642,2,4903,2748,496,1,1
77,2021020600010002303,0001,2021-02-06 08:06:28.657,2,6501,2532,634,1,1
78,2021020600010002305,0001,2021-02-06 08:06:28.657,2,774,3905,726,0,0
79,2021020600010002303,0001,2021-02-06 08:06:29.672,2,8127,2428,636,2,2
80,2021020600010002305,0001,2021-02-06 08:06:29.672,2,2212,3259,430,0,0
81,2021020600010002306,0001,2021-02-06 08:06:29.672,2,2123,3825,487,0,0
82,2021020600010002303,0001,2021-02-06 08:06:30.688,2,9778,2347,615,2,2
83,2021020600010002305,0001,2021-02-06 08:06:30.688,2,3689,3182,483,0,0
84,2021020600010002306,0001,2021-02-06 08:06:30.688,2,3448,3606,493,0,0
85,2021020600010002303,0001,2021-02-06 08:06:31.703,2,11586,2253,628,2,2
86,2021020600010002305,0001,2021-02-06 08:06:31.703,2,4795,3087,384,1,1
87,2021020600010002306,0001,2021-02-06 08:06:31.703,2,4844,3302,866,0,0
88,2021020600010002303,0001,2021-02-06 08:06:32.718,2,13287,2106,624,3,3
89,2021020600010002305,0001,2021-02-06 08:06:32.718,2,4795,3087,384,1,1
90,2021020600010002306,0001,2021-02-06 08:06:32.718,2,6506,3202,599,1,1
91,2021020600010002305,0001,2021-02-06 08:06:33.734,2,4795,3087,384,2,2
92,2021020600010002306,0001,2021-02-06 08:06:33.734,2,8252,3170,627,1,1
93,2021020600010002306,0001,2021-02-06 08:06:34.749,2,9642,2631,552,2,2
94,2021020600010002308,0001,2021-02-06 08:06:34.749,2,9614,3140,564,0,0
95,2021020600010002306,0001,2021-02-06 08:06:35.765,2,10742,3180,508,2,2
96,2021020600010002309,0001,2021-02-06 08:06:35.765,2,11039,2984,848,0,0
97,2021020600010002306,0001,2021-02-06 08:06:36.78,2,12893,3147,486,2,2
98,2021020600010002309,0001,2021-02-06 08:06:36.78,2,12145,3455,515,0,0
99,2021020600010002310,0001,2021-02-06 08:06:36.78,2,13161,2696,388,0,0
100,2021020600010002306,0001,2021-02-06 08:06:37.795,2,13122,3095,409,3,3
101,2021020600010002306,0001,2021-02-06 08:06:38.797,2,13122,3095,409,3,3
102,2021020600010002306,0001,2021-02-06 08:06:39.812,2,13122,3095,409,4,4
103,2021020600010002312,0001,2021-02-06 08:06:54.013,2,1143,597,544,0,0
104,2021020600010002312,0001,2021-02-06 08:06:55.029,2,2630,599,541,0,0
105,2021020600010002312,0001,2021-02-06 08:06:56.044,2,4182,700,519,1,1
106,2021020600010002312,0001,2021-02-06 08:06:57.06,2,5716,657,584,1,1
107,2021020600010002312,0001,2021-02-06 08:06:58.075,2,7223,585,574,1,1
108,2021020600010002312,0001,2021-02-06 08:06:59.09,2,8943,536,535,2,2
109,2021020600010002312,0001,2021-02-06 08:07:00.106,2,10395,514,615,2,2
110,2021020600010002312,0001,2021-02-06 08:07:01.121,2,11933,535,638,3,3
111,2021020600010002312,0001,2021-02-06 08:07:02.136,2,13379,655,529,3,3
112,2021020600010002317,0001,2021-02-06 08:07:06.198,2,737,2261,471,0,0
113,2021020600010002317,0001,2021-02-06 08:07:09.243,1,737,2261,471,0,0
114,2021020600010002318,0001,2021-02-06 08:07:09.243,1,5737,2215,352,0,0
115,2021020600010002317,0001,2021-02-06 08:07:10.259,1,737,2261,471,1,1
116,2021020600010002320,0001,2021-02-06 08:07:11.259,1,8744,2613,625,0,0
117,2021020600010002322,0001,2021-02-06 08:07:12.275,1,10408,2864,635,0,0
118,2021020600010002323,0001,2021-02-06 08:07:14.289,2,33,2890,534,0,0
119,2021020600010002324,0001,2021-02-06 08:07:14.289,2,13510,3244,609,0,0
120,2021020600010002323,0001,2021-02-06 08:07:15.29,2,1889,3091,463,0,0
121,2021020600010002323,0001,2021-02-06 08:07:16.305,2,3735,3016,464,0,0
122,2021020600010002323,0001,2021-02-06 08:07:17.321,2,5575,2829,454,1,1
123,2021020600010002323,0001,2021-02-06 08:07:18.336,2,7489,2599,599,1,1
124,2021020600010002323,0001,2021-02-06 08:07:19.337,2,9252,2545,633,2,2
125,2021020600010002323,0001,2021-02-06 08:07:20.353,2,10282,2565,494,2,2
126,2021020600010002326,0001,2021-02-06 08:07:20.353,2,11145,2524,618,0,0
127,2021020600010002323,0001,2021-02-06 08:07:21.368,2,10282,2565,494,2,2
128,2021020600010002327,0001,2021-02-06 08:07:21.368,2,13205,2470,476,0,0
129,2021020600010002323,0001,2021-02-06 08:07:22.384,2,10282,2565,494,3,3
130,2021020600010002345,0001,2021-02-06 08:09:17.024,2,1373,2545,432,0,0
131,2021020600010002345,0001,2021-02-06 08:09:18.039,2,3260,2687,587,0,0
132,2021020600010002345,0001,2021-02-06 08:09:19.054,2,4987,2698,548,1,1
133,2021020600010002345,0001,2021-02-06 08:09:20.07,2,6728,2793,695,1,1
134,2021020600010002345,0001,2021-02-06 08:09:21.085,2,8391,2810,643,1,1
135,2021020600010002345,0001,2021-02-06 08:09:22.101,2,10273,2755,604,2,2
136,2021020600010002345,0001,2021-02-06 08:09:23.116,2,11932,2592,546,2,2
137,2021020600010002345,0001,2021-02-06 08:09:24.117,2,13645,2529,613,3,3
138,2021020600010002350,0001,2021-02-06 08:09:33.256,2,724,2715,836,0,0
139,2021020600010002351,0001,2021-02-06 08:09:33.256,2,1016,2845,651,0,0
140,2021020600010002350,0001,2021-02-06 08:09:34.271,2,2206,2791,845,0,0
141,2021020600010002350,0001,2021-02-06 08:09:35.287,2,3661,2826,825,1,1
142,2021020600010002350,0001,2021-02-06 08:09:36.302,2,4622,2791,856,1,1
143,2021020600010002354,0001,2021-02-06 08:09:36.302,2,5077,2862,811,0,0
144,2021020600010002350,0001,2021-02-06 08:09:37.317,2,4622,2791,856,1,1
145,2021020600010002354,0001,2021-02-06 08:09:37.317,2,6755,2968,682,0,0
146,2021020600010002355,0001,2021-02-06 08:09:37.317,2,6444,2912,753,0,0
147,2021020600010002350,0001,2021-02-06 08:09:38.333,2,4622,2791,856,2,2
148,2021020600010002354,0001,2021-02-06 08:09:38.333,2,7899,2968,730,0,0
149,2021020600010002356,0001,2021-02-06 08:09:38.333,2,8210,3012,715,0,0
150,2021020600010002354,0001,2021-02-06 08:09:39.334,2,8102,2946,693,1,1
151,2021020600010002356,0001,2021-02-06 08:09:39.334,2,9343,2963,762,0,0
152,2021020600010002356,0001,2021-02-06 08:09:40.35,2,10726,2972,690,0,0
153,2021020600010002357,0001,2021-02-06 08:09:40.35,2,11077,2952,719,0,0
154,2021020600010002356,0001,2021-02-06 08:09:41.365,2,11064,2934,788,1,1
155,2021020600010002357,0001,2021-02-06 08:09:41.365,2,12211,2900,741,0,0
156,2021020600010002357,0001,2021-02-06 08:09:42.38,2,13652,2837,749,1,1
157,2021020600010002361,0001,2021-02-06 08:10:10.783,2,711,4214,541,0,0
158,2021020600010002361,0001,2021-02-06 08:10:11.798,2,2001,4023,485,0,0
159,2021020600010002361,0001,2021-02-06 08:10:12.814,2,3376,3880,509,0,0
160,2021020600010002361,0001,2021-02-06 08:10:13.829,2,4751,3695,536,1,1
161,2021020600010002361,0001,2021-02-06 08:10:14.844,2,6076,3550,543,1,1
162,2021020600010002361,0001,2021-02-06 08:10:15.86,2,7480,3371,563,2,2
163,2021020600010002361,0001,2021-02-06 08:10:16.875,2,8747,3282,564,2,2
164,2021020600010002361,0001,2021-02-06 08:10:17.89,2,10059,3254,548,3,3
165,2021020600010002361,0001,2021-02-06 08:10:18.906,2,11340,3133,490,3,3
166,2021020600010002361,0001,2021-02-06 08:10:19.921,2,12671,2986,438,3,3
167,2021020600010002361,0001,2021-02-06 08:10:20.937,2,13970,2889,518,4,4
168,2021020600010002363,0001,2021-02-06 08:10:32.093,2,471,2395,653,0,0
169,2021020600010002363,0001,2021-02-06 08:10:33.109,2,1442,2018,665,0,0
170,2021020600010002363,0001,2021-02-06 08:10:34.124,2,2441,1816,621,1,1
171,2021020600010002363,0001,2021-02-06 08:10:35.139,2,3503,1807,529,1,1
172,2021020600010002363,0001,2021-02-06 08:10:36.155,2,4477,1850,496,1,1
173,2021020600010002363,0001,2021-02-06 08:10:37.17,2,5516,1801,553,2,2
174,2021020600010002363,0001,2021-02-06 08:10:38.186,2,6571,1835,522,2,2
175,2021020600010002363,0001,2021-02-06 08:10:39.187,2,7394,1826,366,3,3
176,2021020600010002367,0001,2021-02-06 08:10:39.187,2,7805,1842,714,0,0
177,2021020600010002363,0001,2021-02-06 08:10:40.202,2,8017,1774,496,3,3
178,2021020600010002367,0001,2021-02-06 08:10:40.202,2,8901,1789,650,0,0
179,2021020600010002363,0001,2021-02-06 08:10:41.217,2,8017,1774,496,3,3
180,2021020600010002367,0001,2021-02-06 08:10:41.217,2,9928,1743,499,0,0
181,2021020600010002363,0001,2021-02-06 08:10:42.233,2,8017,1774,496,4,4
182,2021020600010002367,0001,2021-02-06 08:10:42.233,2,11083,1836,554,1,1
183,2021020600010002367,0001,2021-02-06 08:10:43.248,2,12265,2039,567,1,1
184,2021020600010002367,0001,2021-02-06 08:10:44.264,2,13539,2241,659,2,2
185,2021020600010002369,0001,2021-02-06 08:10:55.435,2,14300,2517,628,0,0
186,2021020600010002369,0001,2021-02-06 08:10:56.45,2,12626,2398,568,0,0
187,2021020600010002369,0001,2021-02-06 08:10:57.465,2,11145,2370,606,0,0
188,2021020600010002371,0001,2021-02-06 08:10:57.465,2,11526,2470,614,0,0
189,2021020600010002369,0001,2021-02-06 08:10:58.481,2,9743,2453,577,1,1
190,2021020600010002372,0001,2021-02-06 08:10:58.481,2,10077,2540,608,0,0
191,2021020600010002369,0001,2021-02-06 08:10:59.496,2,8206,2666,527,1,1
192,2021020600010002372,0001,2021-02-06 08:10:59.496,2,8818,2667,621,0,0
193,2021020600010002369,0001,2021-02-06 08:11:00.511,2,6735,2876,608,2,2
194,2021020600010002372,0001,2021-02-06 08:11:00.511,2,7722,2805,625,1,1
195,2021020600010002369,0001,2021-02-06 08:11:01.527,2,5251,2943,585,2,2
196,2021020600010002369,0001,2021-02-06 08:11:02.542,2,3591,3052,657,2,2
197,2021020600010002369,0001,2021-02-06 08:11:03.558,2,2188,3374,639,3,3
198,2021020600010002369,0001,2021-02-06 08:11:04.573,2,694,3838,648,3,3
199,2021020600010002374,0001,2021-02-06 08:11:42.1,2,219,3999,407,0,0
200,2021020600010002374,0001,2021-02-06 08:11:43.115,2,1650,3585,453,0,0
201,2021020600010002374,0001,2021-02-06 08:11:44.131,2,3062,3442,583,0,0
202,2021020600010002374,0001,2021-02-06 08:11:45.146,2,4352,3228,616,1,1
203,2021020600010002374,0001,2021-02-06 08:11:46.162,2,5914,3049,604,1,1
204,2021020600010002374,0001,2021-02-06 08:11:47.177,2,7318,2960,650,2,2
205,2021020600010002374,0001,2021-02-06 08:11:48.192,2,8770,2871,605,2,2
206,2021020600010002374,0001,2021-02-06 08:11:49.208,2,10208,2783,557,2,2
207,2021020600010002374,0001,2021-02-06 08:11:50.223,2,11685,2778,576,3,3
208,2021020600010002374,0001,2021-02-06 08:11:51.239,2,13083,2780,584,3,3
209,2021020600010002386,0001,2021-02-06 08:12:43.982,2,211,3515,399,0,0
210,2021020600010002386,0001,2021-02-06 08:12:44.997,2,1828,3257,414,0,0
211,2021020600010002386,0001,2021-02-06 08:12:46.013,2,3232,2945,516,0,0
212,2021020600010002386,0001,2021-02-06 08:12:47.028,2,4665,2768,559,1,1
213,2021020600010002386,0001,2021-02-06 08:12:48.043,2,6152,2537,538,1,1
214,2021020600010002386,0001,2021-02-06 08:12:49.059,2,7794,2312,544,2,2
215,2021020600010002386,0001,2021-02-06 08:12:50.074,2,9313,2066,525,2,2
216,2021020600010002386,0001,2021-02-06 08:12:51.09,2,10771,1949,510,2,2
217,2021020600010002386,0001,2021-02-06 08:12:52.105,2,12418,1924,400,3,3
218,2021020600010002386,0001,2021-02-06 08:12:53.12,2,13962,1850,366,3,3
219,2021020600010002390,0001,2021-02-06 08:13:11.369,2,354,4491,438,0,0
220,2021020600010002390,0001,2021-02-06 08:13:12.384,2,1743,4133,411,0,0
221,2021020600010002390,0001,2021-02-06 08:13:13.4,2,3140,3769,516,0,0
222,2021020600010002390,0001,2021-02-06 08:13:14.415,2,4554,3533,547,1,1
223,2021020600010002390,0001,2021-02-06 08:13:15.43,2,5951,3356,582,1,1
224,2021020600010002390,0001,2021-02-06 08:13:16.446,2,7415,3209,576,2,2
225,2021020600010002390,0001,2021-02-06 08:13:17.461,2,8784,3113,600,2,2
226,2021020600010002390,0001,2021-02-06 08:13:18.477,2,10123,3025,620,2,2
227,2021020600010002390,0001,2021-02-06 08:13:19.492,2,11644,2958,643,3,3
228,2021020600010002390,0001,2021-02-06 08:13:20.507,2,13116,2970,616,3,3
229,2021020600010002397,0001,2021-02-06 08:13:42.817,2,1063,3331,380,0,0
230,2021020600010002397,0001,2021-02-06 08:13:43.833,2,2477,3336,390,0,0
231,2021020600010002397,0001,2021-02-06 08:13:44.848,2,4057,3219,551,1,1
232,2021020600010002397,0001,2021-02-06 08:13:45.864,2,5693,3212,660,1,1
233,2021020600010002399,0001,2021-02-06 08:13:45.864,2,591,3169,600,0,0
234,2021020600010002401,0001,2021-02-06 08:13:45.864,2,424,4405,666,0,0
235,2021020600010002397,0001,2021-02-06 08:13:46.879,2,7278,3057,594,1,1
236,2021020600010002399,0001,2021-02-06 08:13:46.879,2,1866,3451,501,0,0
237,2021020600010002401,0001,2021-02-06 08:13:46.879,2,1762,4306,593,0,0
238,2021020600010002397,0001,2021-02-06 08:13:47.894,2,8810,2778,489,2,2
239,2021020600010002399,0001,2021-02-06 08:13:47.894,2,3203,3697,541,0,0
240,2021020600010002401,0001,2021-02-06 08:13:47.894,2,3176,4362,555,0,0
241,2021020600010002397,0001,2021-02-06 08:13:48.91,2,10427,2648,469,2,2
242,2021020600010002399,0001,2021-02-06 08:13:48.91,2,4802,3830,591,1,1
243,2021020600010002401,0001,2021-02-06 08:13:48.91,2,4661,4412,575,1,1
244,2021020600010002397,0001,2021-02-06 08:13:49.925,2,12081,2512,538,3,3
245,2021020600010002399,0001,2021-02-06 08:13:49.925,2,6165,3575,360,1,1
246,2021020600010002401,0001,2021-02-06 08:13:49.925,2,6078,4260,458,1,1
247,2021020600010002397,0001,2021-02-06 08:13:50.941,2,13830,2498,373,3,3
248,2021020600010002399,0001,2021-02-06 08:13:50.941,2,7646,3618,558,2,2
249,2021020600010002401,0001,2021-02-06 08:13:50.941,2,7540,4203,441,2,2
250,2021020600010002399,0001,2021-02-06 08:13:51.956,2,9087,3509,583,2,2
251,2021020600010002401,0001,2021-02-06 08:13:51.956,2,9020,4066,500,2,2
252,2021020600010002399,0001,2021-02-06 08:13:52.971,2,10430,3850,520,3,3
253,2021020600010002401,0001,2021-02-06 08:13:52.971,2,10521,3240,618,2,2
254,2021020600010002399,0001,2021-02-06 08:13:53.973,2,11869,3603,646,3,3
255,2021020600010002401,0001,2021-02-06 08:13:53.973,2,11956,2977,638,3,3
256,2021020600010002399,0001,2021-02-06 08:13:54.988,2,13266,3309,621,3,3
257,2021020600010002401,0001,2021-02-06 08:13:54.988,2,13332,3008,884,3,3
258,2021020600010002401,0001,2021-02-06 08:13:56.004,2,13521,3227,406,4,4
259,2021020600010002401,0001,2021-02-06 08:13:57.019,2,13521,3227,406,4,4
260,2021020600010002401,0001,2021-02-06 08:13:58.034,2,13521,3227,406,4,4
261,2021020600010002403,0001,2021-02-06 08:14:06.158,2,293,2090,498,0,0
262,2021020600010002403,0001,2021-02-06 08:14:07.173,2,2056,2444,387,0,0
263,2021020600010002403,0001,2021-02-06 08:14:08.188,2,4025,2503,392,0,0
264,2021020600010002410,0001,2021-02-06 08:14:08.188,2,987,4057,542,0,0
265,2021020600010002403,0001,2021-02-06 08:14:09.189,2,5873,2522,391,1,1
266,2021020600010002410,0001,2021-02-06 08:14:09.189,2,2150,3981,494,0,0
267,2021020600010002403,0001,2021-02-06 08:14:10.205,2,7633,2534,389,1,1
268,2021020600010002410,0001,2021-02-06 08:14:10.205,2,3379,3975,524,1,1
269,2021020600010002403,0001,2021-02-06 08:14:11.22,2,9469,2519,686,2,2
270,2021020600010002410,0001,2021-02-06 08:14:11.22,2,4602,3946,455,1,1
271,2021020600010002403,0001,2021-02-06 08:14:12.235,2,11314,2752,397,2,2
272,2021020600010002410,0001,2021-02-06 08:14:12.235,2,5711,3928,456,1,1
273,2021020600010002403,0001,2021-02-06 08:14:13.251,2,13047,2759,617,2,2
274,2021020600010002410,0001,2021-02-06 08:14:13.251,2,7119,3965,467,2,2
275,2021020600010002410,0001,2021-02-06 08:14:14.266,2,8291,3956,571,2,2
276,2021020600010002410,0001,2021-02-06 08:14:15.282,2,9667,3958,604,3,3
277,2021020600010002410,0001,2021-02-06 08:14:16.297,2,10941,3903,668,3,3
278,2021020600010002410,0001,2021-02-06 08:14:17.313,2,12300,3819,567,3,3
279,2021020600010002410,0001,2021-02-06 08:14:18.328,2,13804,3769,420,4,4
280,2021020600010002413,0001,2021-02-06 08:14:20.359,2,868,3859,380,0,0
281,2021020600010002413,0001,2021-02-06 08:14:21.374,2,2690,3784,527,0,0
282,2021020600010002413,0001,2021-02-06 08:14:22.389,2,4251,3670,557,1,1
283,2021020600010002413,0001,2021-02-06 08:14:23.407,2,5854,3560,582,1,1
284,2021020600010002413,0001,2021-02-06 08:14:24.422,2,7479,3413,570,1,1
285,2021020600010002413,0001,2021-02-06 08:14:25.437,2,9132,3281,541,2,2
286,2021020600010002413,0001,2021-02-06 08:14:26.453,2,10746,3107,544,2,2
287,2021020600010002413,0001,2021-02-06 08:14:27.468,2,12560,2847,605,3,3
288,2021020600010002413,0001,2021-02-06 08:14:28.483,2,14197,2714,359,3,3
289,2021020600010002416,0001,2021-02-06 08:15:21.24,2,46,4164,492,0,0
290,2021020600010002416,0001,2021-02-06 08:15:22.256,2,1091,3893,487,0,0
291,2021020600010002416,0001,2021-02-06 08:15:23.271,2,2059,3895,482,0,0
292,2021020600010002416,0001,2021-02-06 08:15:24.273,2,3061,3955,690,1,1
293,2021020600010002416,0001,2021-02-06 08:15:25.288,2,4097,3952,684,1,1
294,2021020600010002416,0001,2021-02-06 08:15:26.303,2,5047,3989,696,2,2
295,2021020600010002416,0001,2021-02-06 08:15:27.319,2,6030,4055,718,2,2
296,2021020600010002416,0001,2021-02-06 08:15:28.334,2,7107,4130,732,2,2
297,2021020600010002416,0001,2021-02-06 08:15:29.35,2,8117,4074,723,3,3
298,2021020600010002416,0001,2021-02-06 08:15:30.365,2,9128,4069,748,3,3
299,2021020600010002416,0001,2021-02-06 08:15:31.38,2,10177,4089,745,4,4
300,2021020600010002416,0001,2021-02-06 08:15:32.396,2,11207,3999,715,4,4
301,2021020600010002416,0001,2021-02-06 08:15:33.411,2,12179,3960,700,4,4
302,2021020600010002416,0001,2021-02-06 08:15:34.426,2,13275,3965,677,5,5
303,2021020600010002422,0001,2021-02-06 08:15:40.505,2,1159,3775,384,0,0
304,2021020600010002422,0001,2021-02-06 08:15:41.52,2,2548,3836,688,0,0
305,2021020600010002422,0001,2021-02-06 08:15:42.536,2,3827,3908,715,1,1
306,2021020600010002422,0001,2021-02-06 08:15:43.551,2,5100,3977,727,1,1
307,2021020600010002425,0001,2021-02-06 08:15:43.551,2,13554,2074,418,0,0
308,2021020600010002429,0001,2021-02-06 08:15:43.551,2,13289,2766,728,0,0
309,2021020600010002422,0001,2021-02-06 08:15:44.566,2,6464,4145,810,2,2
310,2021020600010002425,0001,2021-02-06 08:15:44.566,2,12469,2065,432,0,0
311,2021020600010002429,0001,2021-02-06 08:15:44.566,2,12302,2757,733,0,0
312,2021020600010002422,0001,2021-02-06 08:15:45.582,2,7714,4218,803,2,2
313,2021020600010002425,0001,2021-02-06 08:15:45.582,2,11495,2002,576,0,0
314,2021020600010002429,0001,2021-02-06 08:15:45.582,2,11324,2773,739,1,1
315,2021020600010002422,0001,2021-02-06 08:15:46.597,2,8986,4124,779,2,2
316,2021020600010002425,0001,2021-02-06 08:15:46.597,2,10434,1911,606,1,1
317,2021020600010002429,0001,2021-02-06 08:15:46.597,2,10289,2856,771,1,1
318,2021020600010002422,0001,2021-02-06 08:15:47.613,2,10239,3986,650,3,3
319,2021020600010002425,0001,2021-02-06 08:15:47.613,2,9342,1944,591,1,1
320,2021020600010002429,0001,2021-02-06 08:15:47.613,2,9274,2972,721,2,2
321,2021020600010002422,0001,2021-02-06 08:15:48.628,2,11410,3379,521,3,3
322,2021020600010002425,0001,2021-02-06 08:15:48.628,2,8263,1965,562,2,2
323,2021020600010002429,0001,2021-02-06 08:15:48.628,2,8237,3001,713,2,2
324,2021020600010002422,0001,2021-02-06 08:15:49.643,2,12787,3129,543,4,4
325,2021020600010002425,0001,2021-02-06 08:15:49.643,2,7165,2005,492,2,2
326,2021020600010002429,0001,2021-02-06 08:15:49.643,2,7163,2915,717,2,2
327,2021020600010002422,0001,2021-02-06 08:15:50.659,2,13824,2530,412,4,4
328,2021020600010002425,0001,2021-02-06 08:15:50.659,2,6151,2015,489,2,2
329,2021020600010002429,0001,2021-02-06 08:15:50.659,2,6116,2793,733,3,3
330,2021020600010002425,0001,2021-02-06 08:15:51.674,2,5037,2039,509,3,3
331,2021020600010002429,0001,2021-02-06 08:15:51.674,2,4996,2895,715,3,3
332,2021020600010002425,0001,2021-02-06 08:15:52.689,2,4121,2252,488,3,3
333,2021020600010002429,0001,2021-02-06 08:15:52.689,2,3936,2967,703,4,4
334,2021020600010002425,0001,2021-02-06 08:15:53.691,2,2999,2382,490,4,4
335,2021020600010002429,0001,2021-02-06 08:15:53.691,2,2781,2951,570,4,4
336,2021020600010002425,0001,2021-02-06 08:15:54.706,2,1949,2488,506,4,4
337,2021020600010002429,0001,2021-02-06 08:15:54.706,2,1744,3158,581,4,4
338,2021020600010002425,0001,2021-02-06 08:15:55.722,2,974,2582,400,4,4
339,2021020600010002429,0001,2021-02-06 08:15:55.722,2,691,3166,668,5,5
340,2021020600010002432,0001,2021-02-06 08:15:55.722,2,1097,1244,500,0,0
341,2021020600010002432,0001,2021-02-06 08:15:56.737,2,2768,1370,503,0,0
342,2021020600010002432,0001,2021-02-06 08:15:57.752,2,4188,1487,559,1,1
343,2021020600010002432,0001,2021-02-06 08:15:58.768,2,5660,1556,589,1,1
344,2021020600010002432,0001,2021-02-06 08:15:59.783,2,7104,1591,541,1,1
345,2021020600010002432,0001,2021-02-06 08:16:00.799,2,8548,1564,568,2,2
346,2021020600010002432,0001,2021-02-06 08:16:01.814,2,9940,1552,571,2,2
347,2021020600010002432,0001,2021-02-06 08:16:02.829,2,11306,1589,605,3,3
348,2021020600010002432,0001,2021-02-06 08:16:03.845,2,12747,1622,564,3,3
349,2021020600010002432,0001,2021-02-06 08:16:04.86,2,14253,1652,491,3,3
350,2021020600010002438,0001,2021-02-06 08:16:20.077,2,13132,1440,824,0,0
351,2021020600010002438,0001,2021-02-06 08:16:21.092,2,11896,1408,838,0,0
352,2021020600010002438,0001,2021-02-06 08:16:22.107,2,10598,1372,797,1,1
353,2021020600010002438,0001,2021-02-06 08:16:23.123,2,9296,1434,840,1,1
354,2021020600010002438,0001,2021-02-06 08:16:24.124,2,8087,1227,823,2,2
355,2021020600010002438,0001,2021-02-06 08:16:25.139,2,6805,1095,819,2,2
356,2021020600010002439,0001,2021-02-06 08:16:25.139,2,1416,4308,433,0,0
357,2021020600010002441,0001,2021-02-06 08:16:25.139,2,1429,3050,457,0,0
358,2021020600010002438,0001,2021-02-06 08:16:26.155,2,5522,1054,804,2,2
359,2021020600010002439,0001,2021-02-06 08:16:26.155,2,2901,4296,601,0,0
360,2021020600010002441,0001,2021-02-06 08:16:26.155,2,2900,2946,684,0,0
361,2021020600010002438,0001,2021-02-06 08:16:27.17,2,4186,1141,811,3,3
362,2021020600010002439,0001,2021-02-06 08:16:27.17,2,4439,4221,647,1,1
363,2021020600010002441,0001,2021-02-06 08:16:27.17,2,4376,2839,688,1,1
364,2021020600010002438,0001,2021-02-06 08:16:28.186,2,2876,1232,808,3,3
365,2021020600010002439,0001,2021-02-06 08:16:28.186,2,5908,4159,611,1,1
366,2021020600010002441,0001,2021-02-06 08:16:28.186,2,5923,2751,729,1,1
367,2021020600010002438,0001,2021-02-06 08:16:29.201,2,1619,1355,740,4,4
368,2021020600010002439,0001,2021-02-06 08:16:29.201,2,7439,3994,601,1,1
369,2021020600010002441,0001,2021-02-06 08:16:29.201,2,7331,2761,724,1,1
370,2021020600010002438,0001,2021-02-06 08:16:30.216,2,285,1240,423,4,4
371,2021020600010002439,0001,2021-02-06 08:16:30.216,2,8922,3996,640,2,2
372,2021020600010002441,0001,2021-02-06 08:16:30.216,2,8812,2675,692,2,2
373,2021020600010002442,0001,2021-02-06 08:16:30.216,2,309,1435,620,0,0
374,2021020600010002438,0001,2021-02-06 08:16:31.232,2,113,1247,427,4,4
375,2021020600010002439,0001,2021-02-06 08:16:31.232,2,10503,3979,687,2,2
376,2021020600010002441,0001,2021-02-06 08:16:31.232,2,10354,2533,744,2,2
377,2021020600010002438,0001,2021-02-06 08:16:32.247,2,113,1247,427,5,5
378,2021020600010002439,0001,2021-02-06 08:16:32.247,2,11911,3927,656,3,3
379,2021020600010002441,0001,2021-02-06 08:16:32.247,2,10927,2448,547,3,3
380,2021020600010002443,0001,2021-02-06 08:16:32.247,2,11807,2429,790,0,0
381,2021020600010002438,0001,2021-02-06 08:16:33.263,2,113,1247,427,5,5
382,2021020600010002439,0001,2021-02-06 08:16:33.263,2,13524,3781,677,3,3
383,2021020600010002441,0001,2021-02-06 08:16:33.263,2,10927,2448,547,3,3
384,2021020600010002443,0001,2021-02-06 08:16:33.263,2,13398,2271,773,0,0
385,2021020600010002441,0001,2021-02-06 08:16:34.278,2,10927,2448,547,4,4
386,2021020600010002445,0001,2021-02-06 08:16:44.418,2,1322,3965,532,0,0
387,2021020600010002445,0001,2021-02-06 08:16:45.433,2,2916,3939,687,0,0
388,2021020600010002445,0001,2021-02-06 08:16:46.448,2,4407,3872,691,1,1
389,2021020600010002445,0001,2021-02-06 08:16:47.464,2,5880,3768,717,1,1
390,2021020600010002445,0001,2021-02-06 08:16:48.479,2,7344,3585,726,1,1
391,2021020600010002445,0001,2021-02-06 08:16:49.495,2,8915,3490,713,2,2
392,2021020600010002445,0001,2021-02-06 08:16:50.51,2,10457,3423,722,2,2
393,2021020600010002447,0001,2021-02-06 08:16:50.51,2,707,3903,591,0,0
394,2021020600010002445,0001,2021-02-06 08:16:51.525,2,12022,3421,728,3,3
395,2021020600010002447,0001,2021-02-06 08:16:51.525,2,1871,3812,614,0,0
396,2021020600010002445,0001,2021-02-06 08:16:52.541,2,13638,3342,494,3,3
397,2021020600010002447,0001,2021-02-06 08:16:52.541,2,3028,3884,550,1,1
398,2021020600010002447,0001,2021-02-06 08:16:53.542,2,4358,3973,601,1,1
399,2021020600010002447,0001,2021-02-06 08:16:54.557,2,5590,4093,595,1,1
400,2021020600010002447,0001,2021-02-06 08:16:55.573,2,6564,3984,409,2,2
401,2021020600010002447,0001,2021-02-06 08:16:56.588,2,8087,3939,689,2,2
402,2021020600010002447,0001,2021-02-06 08:16:57.604,2,9241,3921,533,3,3
403,2021020600010002447,0001,2021-02-06 08:16:58.619,2,10334,4020,504,3,3
404,2021020600010002450,0001,2021-02-06 08:16:58.619,2,10255,4015,547,0,0
405,2021020600010002447,0001,2021-02-06 08:16:59.634,2,11535,3974,564,3,3
406,2021020600010002447,0001,2021-02-06 08:17:00.65,2,12980,3694,553,4,4
407,2021020600010002447,0001,2021-02-06 08:17:01.665,2,14079,3574,761,4,4
408,2021020600010002454,0001,2021-02-06 08:17:39.146,2,881,4225,462,0,0
409,2021020600010002454,0001,2021-02-06 08:17:40.161,2,2238,4347,683,0,0
410,2021020600010002454,0001,2021-02-06 08:17:41.176,2,3524,4282,566,1,1
411,2021020600010002454,0001,2021-02-06 08:17:42.192,2,4855,4188,584,1,1
412,2021020600010002454,0001,2021-02-06 08:17:43.207,2,5509,4102,631,1,1
413,2021020600010002454,0001,2021-02-06 08:17:45.238,1,5509,4102,631,1,1
414,2021020600010002458,0001,2021-02-06 08:17:45.238,1,9009,3850,582,0,0
415,2021020600010002454,0001,2021-02-06 08:17:46.253,1,5509,4102,631,2,2
416,2021020600010002458,0001,2021-02-06 08:17:46.253,1,10549,3787,489,0,0
417,2021020600010002454,0001,2021-02-06 08:17:47.269,1,5509,4102,631,2,2
418,2021020600010002458,0001,2021-02-06 08:17:47.269,1,11201,3696,642,0,0
419,2021020600010002462,0001,2021-02-06 08:18:04.512,2,93,4121,546,0,0
420,2021020600010002462,0001,2021-02-06 08:18:05.527,2,1871,3993,521,0,0
421,2021020600010002462,0001,2021-02-06 08:18:06.542,2,3701,3858,621,0,0
422,2021020600010002462,0001,2021-02-06 08:18:07.558,2,5319,3817,643,1,1
423,2021020600010002462,0001,2021-02-06 08:18:08.559,2,7191,3825,503,1,1
424,2021020600010002462,0001,2021-02-06 08:18:09.574,2,8585,3713,488,2,2
425,2021020600010002462,0001,2021-02-06 08:18:10.59,2,9671,3641,512,2,2
426,2021020600010002463,0001,2021-02-06 08:18:10.59,2,581,4194,392,0,0
427,2021020600010002462,0001,2021-02-06 08:18:11.605,2,9926,3615,492,2,2
428,2021020600010002463,0001,2021-02-06 08:18:11.605,2,2003,3975,428,0,0
429,2021020600010002462,0001,2021-02-06 08:18:12.62,2,10095,3532,369,3,3
430,2021020600010002463,0001,2021-02-06 08:18:12.62,2,3494,3955,483,0,0
431,2021020600010002462,0001,2021-02-06 08:18:13.636,2,10089,3550,351,3,3
432,2021020600010002463,0001,2021-02-06 08:18:13.636,2,4907,3585,469,1,1
433,2021020600010002462,0001,2021-02-06 08:18:14.651,2,10085,3549,355,4,4
434,2021020600010002463,0001,2021-02-06 08:18:14.651,2,6197,3146,587,1,1
435,2021020600010002462,0001,2021-02-06 08:18:15.666,2,10107,3555,358,4,4
436,2021020600010002463,0001,2021-02-06 08:18:15.666,2,7762,2713,603,2,2
437,2021020600010002462,0001,2021-02-06 08:18:16.682,2,9903,3654,476,4,4
438,2021020600010002463,0001,2021-02-06 08:18:16.682,2,9221,2470,667,2,2
439,2021020600010002465,0001,2021-02-06 08:18:16.682,2,1624,2777,496,0,0
440,2021020600010002462,0001,2021-02-06 08:18:17.697,2,9953,3673,493,5,5
441,2021020600010002463,0001,2021-02-06 08:18:17.697,2,10773,2486,585,2,2
442,2021020600010002465,0001,2021-02-06 08:18:17.697,2,3273,2684,465,0,0
443,2021020600010002462,0001,2021-02-06 08:18:18.713,2,9953,3673,493,5,5
444,2021020600010002463,0001,2021-02-06 08:18:18.713,2,12341,2623,661,3,3
445,2021020600010002464,0001,2021-02-06 08:18:18.713,2,713,4075,419,0,0
446,2021020600010002465,0001,2021-02-06 08:18:18.713,2,4816,2468,405,1,1
447,2021020600010002463,0001,2021-02-06 08:18:19.728,2,14160,2737,373,3,3
448,2021020600010002464,0001,2021-02-06 08:18:19.728,2,1962,3885,471,0,0
449,2021020600010002465,0001,2021-02-06 08:18:19.728,2,6612,2293,459,1,1
450,2021020600010002468,0001,2021-02-06 08:18:19.728,2,755,3449,478,0,0
451,2021020600010002469,0001,2021-02-06 08:18:19.728,2,10264,3599,552,0,0
452,2021020600010002464,0001,2021-02-06 08:18:20.743,2,3295,3827,577,1,1
453,2021020600010002465,0001,2021-02-06 08:18:20.743,2,8358,2240,455,1,1
454,2021020600010002468,0001,2021-02-06 08:18:20.743,2,2392,3020,387,0,0
455,2021020600010002469,0001,2021-02-06 08:18:20.743,2,10935,3508,350,0,0
456,2021020600010002464,0001,2021-02-06 08:18:21.759,2,4459,3783,590,1,1
457,2021020600010002465,0001,2021-02-06 08:18:21.759,2,9318,2258,465,2,2
458,2021020600010002468,0001,2021-02-06 08:18:21.759,2,4044,2747,491,0,0
459,2021020600010002471,0001,2021-02-06 08:18:21.759,2,10068,2276,457,0,0
460,2021020600010002464,0001,2021-02-06 08:18:22.774,2,5666,3847,606,1,1
461,2021020600010002465,0001,2021-02-06 08:18:22.774,2,9318,2258,465,2,2
462,2021020600010002468,0001,2021-02-06 08:18:22.774,2,5711,2576,514,1,1
463,2021020600010002471,0001,2021-02-06 08:18:22.774,2,11927,2698,640,0,0
464,2021020600010002472,0001,2021-02-06 08:18:22.774,2,12276,588,547,0,0
465,2021020600010002464,0001,2021-02-06 08:18:23.776,2,6823,3906,626,2,2
466,2021020600010002465,0001,2021-02-06 08:18:23.776,2,9318,2258,465,3,3
467,2021020600010002468,0001,2021-02-06 08:18:23.776,2,7346,2477,520,1,1
468,2021020600010002471,0001,2021-02-06 08:18:23.776,2,13650,3025,615,0,0
469,2021020600010002472,0001,2021-02-06 08:18:23.776,2,10691,511,481,0,0
470,2021020600010002474,0001,2021-02-06 08:18:23.776,2,11633,3563,352,0,0
471,2021020600010002464,0001,2021-02-06 08:18:24.791,2,8179,3841,606,2,2
472,2021020600010002468,0001,2021-02-06 08:18:24.791,2,9134,2384,538,2,2
473,2021020600010002470,0001,2021-02-06 08:18:24.791,2,1508,2745,376,0,0
474,2021020600010002472,0001,2021-02-06 08:18:24.791,2,9025,392,404,1,1
475,2021020600010002474,0001,2021-02-06 08:18:24.791,2,12290,3910,351,0,0
476,2021020600010002476,0001,2021-02-06 08:18:24.791,2,12482,3722,537,0,0
477,2021020600010002464,0001,2021-02-06 08:18:25.806,2,9377,3721,641,3,3
478,2021020600010002468,0001,2021-02-06 08:18:25.806,2,10716,2327,488,2,2
479,2021020600010002470,0001,2021-02-06 08:18:25.806,2,3565,2585,586,0,0
480,2021020600010002472,0001,2021-02-06 08:18:25.806,2,7503,408,494,1,1
481,2021020600010002476,0001,2021-02-06 08:18:25.806,2,13682,3794,466,0,0
482,2021020600010002464,0001,2021-02-06 08:18:26.822,2,10666,3622,598,3,3
483,2021020600010002468,0001,2021-02-06 08:18:26.822,2,12519,2287,509,3,3
484,2021020600010002470,0001,2021-02-06 08:18:26.822,2,5365,2378,607,1,1
485,2021020600010002472,0001,2021-02-06 08:18:26.822,2,5948,441,468,1,1
486,2021020600010002464,0001,2021-02-06 08:18:27.837,2,11962,3527,550,3,3
487,2021020600010002468,0001,2021-02-06 08:18:27.837,2,14084,2138,404,3,3
488,2021020600010002470,0001,2021-02-06 08:18:27.837,2,7178,2113,650,1,1
489,2021020600010002472,0001,2021-02-06 08:18:27.837,2,4323,505,492,2,2
490,2021020600010002464,0001,2021-02-06 08:18:28.852,2,13241,3391,523,4,4
491,2021020600010002470,0001,2021-02-06 08:18:28.852,2,9213,1778,683,1,1
492,2021020600010002472,0001,2021-02-06 08:18:28.852,2,2575,670,529,2,2
493,2021020600010002470,0001,2021-02-06 08:18:29.868,2,10983,1642,634,2,2
494,2021020600010002472,0001,2021-02-06 08:18:29.868,2,1031,1105,554,3,3
495,2021020600010002470,0001,2021-02-06 08:18:30.883,2,12818,1650,405,2,2
496,2021020600010002472,0001,2021-02-06 08:18:30.883,2,432,1113,357,3,3
497,2021020600010002472,0001,2021-02-06 08:18:31.899,2,432,1113,357,3,3
498,2021020600010002472,0001,2021-02-06 08:18:32.914,2,432,1113,357,4,4
499,2021020600010002484,0001,2021-02-06 08:18:49.146,2,471,3923,560,0,0
500,2021020600010002484,0001,2021-02-06 08:18:50.162,2,1993,3827,490,0,0
501,2021020600010002484,0001,2021-02-06 08:18:51.177,2,3508,3931,506,0,0
502,2021020600010002486,0001,2021-02-06 08:18:51.177,2,419,4404,528,0,0
503,2021020600010002484,0001,2021-02-06 08:18:52.192,2,5096,3978,525,1,1
504,2021020600010002486,0001,2021-02-06 08:18:52.192,2,1710,4463,507,0,0
505,2021020600010002484,0001,2021-02-06 08:18:53.208,2,6528,4039,471,1,1
506,2021020600010002486,0001,2021-02-06 08:18:53.208,2,2990,4599,646,0,0
507,2021020600010002484,0001,2021-02-06 08:18:54.209,2,8173,3984,494,2,2
508,2021020600010002486,0001,2021-02-06 08:18:54.209,2,4264,4438,518,1,1
509,2021020600010002484,0001,2021-02-06 08:18:55.225,2,9706,3823,457,2,2
510,2021020600010002486,0001,2021-02-06 08:18:55.225,2,5489,4368,556,1,1
511,2021020600010002484,0001,2021-02-06 08:18:56.24,2,11417,3684,695,2,2
512,2021020600010002486,0001,2021-02-06 08:18:56.24,2,6711,4338,592,2,2
513,2021020600010002484,0001,2021-02-06 08:18:57.255,2,13076,3443,590,3,3
514,2021020600010002486,0001,2021-02-06 08:18:57.255,2,8009,4279,597,2,2
515,2021020600010002486,0001,2021-02-06 08:18:58.271,2,9376,4173,630,2,2
516,2021020600010002486,0001,2021-02-06 08:18:59.286,2,10689,4049,599,3,3
517,2021020600010002486,0001,2021-02-06 08:19:00.302,2,11908,3840,601,3,3
518,2021020600010002486,0001,2021-02-06 08:19:01.317,2,13280,3621,601,4,4
519,2021020600010002488,0001,2021-02-06 08:19:06.394,2,175,3982,488,0,0
520,2021020600010002488,0001,2021-02-06 08:19:07.409,2,1825,3560,406,0,0
521,2021020600010002487,0001,2021-02-06 08:19:08.411,2,986,3932,393,0,0
522,2021020600010002488,0001,2021-02-06 08:19:08.411,2,3466,3232,711,0,0
523,2021020600010002487,0001,2021-02-06 08:19:09.426,2,2519,3778,440,0,0
524,2021020600010002488,0001,2021-02-06 08:19:09.426,2,5304,3069,822,1,1
525,2021020600010002487,0001,2021-02-06 08:19:10.441,2,3884,3755,455,1,1
526,2021020600010002488,0001,2021-02-06 08:19:10.441,2,7029,2914,740,1,1
527,2021020600010002487,0001,2021-02-06 08:19:11.457,2,5563,3701,453,1,1
528,2021020600010002488,0001,2021-02-06 08:19:11.457,2,9062,2924,711,2,2
529,2021020600010002487,0001,2021-02-06 08:19:12.472,2,7086,3670,458,1,1
530,2021020600010002488,0001,2021-02-06 08:19:12.472,2,10825,3003,692,2,2
531,2021020600010002487,0001,2021-02-06 08:19:13.488,2,8672,3770,413,2,2
532,2021020600010002488,0001,2021-02-06 08:19:13.488,2,12575,3078,578,2,2
533,2021020600010002487,0001,2021-02-06 08:19:14.503,2,10284,3718,470,2,2
534,2021020600010002487,0001,2021-02-06 08:19:15.518,2,11833,3610,392,3,3
535,2021020600010002487,0001,2021-02-06 08:19:16.534,2,13473,3587,542,3,3
536,2021020600010002490,0001,2021-02-06 08:19:28.717,2,1326,4085,413,0,0
537,2021020600010002490,0001,2021-02-06 08:19:29.733,2,3011,3844,451,0,0
538,2021020600010002490,0001,2021-02-06 08:19:30.748,2,4728,3870,574,1,1
539,2021020600010002490,0001,2021-02-06 08:19:31.763,2,6235,3826,570,1,1
540,2021020600010002490,0001,2021-02-06 08:19:32.779,2,7956,3819,600,1,1
541,2021020600010002490,0001,2021-02-06 08:19:33.794,2,9564,3841,591,2,2
542,2021020600010002490,0001,2021-02-06 08:19:34.81,2,11180,3850,620,2,2
543,2021020600010002491,0001,2021-02-06 08:19:34.81,2,623,4000,519,0,0
544,2021020600010002490,0001,2021-02-06 08:19:35.825,2,12928,3799,651,3,3
545,2021020600010002491,0001,2021-02-06 08:19:35.825,2,1869,3625,435,0,0
546,2021020600010002491,0001,2021-02-06 08:19:36.84,2,3234,3676,544,1,1
547,2021020600010002491,0001,2021-02-06 08:19:37.856,2,4539,3560,582,1,1
548,2021020600010002491,0001,2021-02-06 08:19:38.857,2,5889,3451,568,1,1
549,2021020600010002491,0001,2021-02-06 08:19:39.872,2,6266,3471,571,2,2
550,2021020600010002496,0001,2021-02-06 08:19:39.872,2,7446,3494,621,0,0
551,2021020600010002491,0001,2021-02-06 08:19:40.888,2,6266,3471,571,2,2
552,2021020600010002496,0001,2021-02-06 08:19:40.888,2,8688,3355,535,0,0
553,2021020600010002491,0001,2021-02-06 08:19:41.903,2,6266,3471,571,3,3
554,2021020600010002492,0001,2021-02-06 08:19:41.903,2,90,3769,707,0,0
555,2021020600010002493,0001,2021-02-06 08:19:41.903,2,85,4529,600,0,0
556,2021020600010002496,0001,2021-02-06 08:19:41.903,2,10013,3323,535,1,1
557,2021020600010002492,0001,2021-02-06 08:19:42.918,2,1473,3339,495,0,0
558,2021020600010002493,0001,2021-02-06 08:19:42.918,2,85,4529,600,0,0
559,2021020600010002496,0001,2021-02-06 08:19:42.918,2,11691,3274,520,1,1
560,2021020600010002492,0001,2021-02-06 08:19:43.934,2,2689,3152,476,0,0
561,2021020600010002493,0001,2021-02-06 08:19:43.934,2,85,4529,600,0,0
562,2021020600010002496,0001,2021-02-06 08:19:43.934,2,12990,3174,490,1,1
563,2021020600010002498,0001,2021-02-06 08:19:43.934,2,3147,4058,487,0,0
564,2021020600010002492,0001,2021-02-06 08:19:44.949,2,4043,3060,465,1,1
565,2021020600010002498,0001,2021-02-06 08:19:44.949,2,4208,3906,427,0,0
566,2021020600010002492,0001,2021-02-06 08:19:45.965,2,5524,3156,633,1,1
567,2021020600010002498,0001,2021-02-06 08:19:45.965,2,5536,3893,446,0,0
568,2021020600010002492,0001,2021-02-06 08:19:46.98,2,6932,3111,610,2,2
569,2021020600010002498,0001,2021-02-06 08:19:46.98,2,6859,3942,408,1,1
570,2021020600010002492,0001,2021-02-06 08:19:47.995,2,8228,3033,622,2,2
571,2021020600010002498,0001,2021-02-06 08:19:47.995,2,8152,3801,394,1,1
572,2021020600010002492,0001,2021-02-06 08:19:49.011,2,9513,2934,641,2,2
573,2021020600010002498,0001,2021-02-06 08:19:49.011,2,9433,3665,480,2,2
574,2021020600010002492,0001,2021-02-06 08:19:50.026,2,10901,2854,630,3,3
575,2021020600010002498,0001,2021-02-06 08:19:50.026,2,10936,3670,462,2,2
576,2021020600010002492,0001,2021-02-06 08:19:51.041,2,12141,2742,644,3,3
577,2021020600010002498,0001,2021-02-06 08:19:51.041,2,12175,3525,470,2,2
578,2021020600010002492,0001,2021-02-06 08:19:52.057,2,13556,2761,366,4,4
579,2021020600010002498,0001,2021-02-06 08:19:52.057,2,13476,3434,471,3,3
580,2021020600010002500,0001,2021-02-06 08:20:14.367,2,964,3773,398,0,0
581,2021020600010002500,0001,2021-02-06 08:20:15.383,2,2583,3873,447,0,0
582,2021020600010002500,0001,2021-02-06 08:20:16.398,2,4065,3829,479,1,1
583,2021020600010002500,0001,2021-02-06 08:20:17.413,2,5733,3675,513,1,1
584,2021020600010002500,0001,2021-02-06 08:20:18.429,2,7343,3568,647,1,1
585,2021020600010002500,0001,2021-02-06 08:20:19.444,2,9037,3450,600,2,2
586,2021020600010002500,0001,2021-02-06 08:20:20.459,2,10705,3402,544,2,2
587,2021020600010002500,0001,2021-02-06 08:20:21.475,2,12358,3313,594,3,3
588,2021020600010002500,0001,2021-02-06 08:20:22.49,2,14191,3163,486,3,3
589,2021020600010002505,0001,2021-02-06 08:20:30.599,2,551,4078,433,0,0
590,2021020600010002507,0001,2021-02-06 08:20:30.599,2,294,4262,357,0,0
591,2021020600010002505,0001,2021-02-06 08:20:31.615,2,1470,4091,424,0,0
592,2021020600010002507,0001,2021-02-06 08:20:31.615,2,1824,4493,703,0,0
593,2021020600010002505,0001,2021-02-06 08:20:32.63,2,1470,4091,424,0,0
594,2021020600010002506,0001,2021-02-06 08:20:32.63,2,1145,3733,527,0,0
595,2021020600010002507,0001,2021-02-06 08:20:32.63,2,3081,4410,880,0,0
596,2021020600010002505,0001,2021-02-06 08:20:33.645,2,1470,4091,424,1,1
597,2021020600010002506,0001,2021-02-06 08:20:33.645,2,2363,3555,541,0,0
598,2021020600010002507,0001,2021-02-06 08:20:33.645,2,3641,4354,654,1,1
599,2021020600010002508,0001,2021-02-06 08:20:33.645,2,4312,4380,733,0,0
600,2021020600010002509,0001,2021-02-06 08:20:33.645,2,2673,3645,573,0,0
601,2021020600010002506,0001,2021-02-06 08:20:34.661,2,3700,3564,508,1,1
602,2021020600010002507,0001,2021-02-06 08:20:34.661,2,3641,4354,654,1,1
603,2021020600010002508,0001,2021-02-06 08:20:34.661,2,5475,4223,701,0,0
604,2021020600010002509,0001,2021-02-06 08:20:34.661,2,3048,3547,564,0,0
605,2021020600010002506,0001,2021-02-06 08:20:35.676,2,4974,3648,436,1,1
606,2021020600010002507,0001,2021-02-06 08:20:35.676,2,3641,4354,654,2,2
607,2021020600010002508,0001,2021-02-06 08:20:35.676,2,6676,4269,514,0,0
608,2021020600010002510,0001,2021-02-06 08:20:35.676,2,5293,3713,596,0,0
609,2021020600010002506,0001,2021-02-06 08:20:36.692,2,6278,3593,666,1,1
610,2021020600010002508,0001,2021-02-06 08:20:36.692,2,8220,4551,638,1,1
611,2021020600010002506,0001,2021-02-06 08:20:37.707,2,7649,3589,571,2,2
612,2021020600010002508,0001,2021-02-06 08:20:37.707,2,9594,4364,640,1,1
613,2021020600010002506,0001,2021-02-06 08:20:38.709,2,9030,3628,650,2,2
614,2021020600010002508,0001,2021-02-06 08:20:38.709,2,10926,4381,361,2,2
615,2021020600010002506,0001,2021-02-06 08:20:39.724,2,10250,3580,571,3,3
616,2021020600010002508,0001,2021-02-06 08:20:39.724,2,12011,4351,489,2,2
617,2021020600010002506,0001,2021-02-06 08:20:40.739,2,11476,3482,580,3,3
618,2021020600010002508,0001,2021-02-06 08:20:40.739,2,12790,3906,418,2,2
619,2021020600010002506,0001,2021-02-06 08:20:41.755,2,12829,3326,470,4,4
620,2021020600010002508,0001,2021-02-06 08:20:41.755,2,14095,3976,641,3,3
621,2021020600010002506,0001,2021-02-06 08:20:42.77,2,13991,3265,472,4,4
622,2021020600010002515,0001,2021-02-06 08:20:47.847,2,13545,1364,600,0,0
623,2021020600010002515,0001,2021-02-06 08:20:48.862,2,12096,1864,671,0,0
624,2021020600010002515,0001,2021-02-06 08:20:49.878,2,10696,2375,645,0,0
625,2021020600010002515,0001,2021-02-06 08:20:50.893,2,9395,2807,585,1,1
626,2021020600010002515,0001,2021-02-06 08:20:51.909,2,7992,3131,586,1,1
627,2021020600010002515,0001,2021-02-06 08:20:52.924,2,6475,3338,544,2,2
628,2021020600010002515,0001,2021-02-06 08:20:53.926,2,5065,3437,540,2,2
629,2021020600010002515,0001,2021-02-06 08:20:54.941,2,3684,3441,514,3,3
630,2021020600010002515,0001,2021-02-06 08:20:55.956,2,2042,3411,414,3,3
631,2021020600010002515,0001,2021-02-06 08:20:56.972,2,748,3613,459,3,3
632,2021020600010002517,0001,2021-02-06 08:20:59.002,2,13861,1184,812,0,0
633,2021020600010002516,0001,2021-02-06 08:21:00.018,2,613,4485,400,0,0
634,2021020600010002517,0001,2021-02-06 08:21:00.018,2,12524,1345,830,0,0
635,2021020600010002516,0001,2021-02-06 08:21:01.033,2,1854,4251,418,0,0
636,2021020600010002517,0001,2021-02-06 08:21:01.033,2,11075,1357,784,0,0
637,2021020600010002516,0001,2021-02-06 08:21:02.049,2,3162,4259,424,0,0
638,2021020600010002517,0001,2021-02-06 08:21:02.049,2,9719,1384,739,1,1
639,2021020600010002516,0001,2021-02-06 08:21:03.064,2,4481,4472,606,1,1
640,2021020600010002517,0001,2021-02-06 08:21:03.064,2,8329,1425,785,1,1
641,2021020600010002516,0001,2021-02-06 08:21:04.079,2,5778,4624,633,1,1
642,2021020600010002517,0001,2021-02-06 08:21:04.079,2,6979,1556,759,2,2
643,2021020600010002516,0001,2021-02-06 08:21:05.095,2,7068,4684,625,2,2
644,2021020600010002517,0001,2021-02-06 08:21:05.095,2,5712,1782,721,2,2
645,2021020600010002516,0001,2021-02-06 08:21:06.11,2,8377,4549,596,2,2
646,2021020600010002517,0001,2021-02-06 08:21:06.11,2,4558,2044,555,3,3
647,2021020600010002516,0001,2021-02-06 08:21:07.126,2,9605,4380,609,3,3
648,2021020600010002517,0001,2021-02-06 08:21:07.126,2,3298,2371,553,3,3
649,2021020600010002516,0001,2021-02-06 08:21:08.141,2,10891,4129,559,3,3
650,2021020600010002517,0001,2021-02-06 08:21:08.141,2,2017,2745,717,3,3
651,2021020600010002516,0001,2021-02-06 08:21:09.142,2,12079,3898,651,3,3
652,2021020600010002517,0001,2021-02-06 08:21:09.142,2,984,3045,466,4,4
653,2021020600010002516,0001,2021-02-06 08:21:10.158,2,13398,3697,577,4,4
654,2021020600010002521,0001,2021-02-06 08:21:42.637,2,1018,3475,465,0,0
655,2021020600010002521,0001,2021-02-06 08:21:43.652,2,2757,3480,609,0,0
656,2021020600010002521,0001,2021-02-06 08:21:44.667,2,4544,3492,622,1,1
657,2021020600010002521,0001,2021-02-06 08:21:45.683,2,6272,3568,602,1,1
658,2021020600010002522,0001,2021-02-06 08:21:45.683,2,263,3588,455,0,0
659,2021020600010002521,0001,2021-02-06 08:21:46.698,2,8028,3574,613,1,1
660,2021020600010002522,0001,2021-02-06 08:21:46.698,2,2069,3153,434,0,0
661,2021020600010002521,0001,2021-02-06 08:21:47.713,2,9746,3547,634,2,2
662,2021020600010002522,0001,2021-02-06 08:21:47.713,2,3810,2957,515,0,0
663,2021020600010002521,0001,2021-02-06 08:21:48.729,2,11629,3445,640,2,2
664,2021020600010002522,0001,2021-02-06 08:21:48.729,2,5680,2715,575,1,1
665,2021020600010002521,0001,2021-02-06 08:21:49.744,2,13310,3319,600,3,3
666,2021020600010002522,0001,2021-02-06 08:21:49.744,2,7489,2634,459,1,1
667,2021020600010002522,0001,2021-02-06 08:21:50.76,2,9367,2576,555,2,2
668,2021020600010002522,0001,2021-02-06 08:21:51.775,2,11122,2542,547,2,2
669,2021020600010002522,0001,2021-02-06 08:21:52.79,2,13128,2559,433,2,2
670,2021020600010002523,0001,2021-02-06 08:21:54.807,2,777,3984,525,0,0
671,2021020600010002523,0001,2021-02-06 08:21:55.822,2,2603,3957,531,0,0
672,2021020600010002523,0001,2021-02-06 08:21:56.838,2,4346,3870,566,0,0
673,2021020600010002523,0001,2021-02-06 08:21:57.853,2,6276,3833,599,1,1
674,2021020600010002524,0001,2021-02-06 08:21:57.853,2,1316,3428,449,0,0
675,2021020600010002523,0001,2021-02-06 08:21:58.869,2,8101,3780,510,1,1
676,2021020600010002524,0001,2021-02-06 08:21:58.869,2,3207,3347,634,0,0
677,2021020600010002523,0001,2021-02-06 08:21:59.884,2,9957,3850,597,2,2
678,2021020600010002524,0001,2021-02-06 08:21:59.884,2,5116,3293,642,1,1
679,2021020600010002523,0001,2021-02-06 08:22:00.899,2,11874,3859,559,2,2
680,2021020600010002524,0001,2021-02-06 08:22:00.899,2,7107,3313,616,1,1
681,2021020600010002525,0001,2021-02-06 08:22:00.899,2,1253,2343,398,0,0
682,2021020600010002523,0001,2021-02-06 08:22:01.915,2,13789,3871,532,2,2
683,2021020600010002524,0001,2021-02-06 08:22:01.915,2,8981,3291,627,1,1
684,2021020600010002525,0001,2021-02-06 08:22:01.915,2,2897,2200,473,0,0
685,2021020600010002524,0001,2021-02-06 08:22:02.93,2,10948,3243,599,2,2
686,2021020600010002525,0001,2021-02-06 08:22:02.93,2,4736,2275,465,1,1
687,2021020600010002524,0001,2021-02-06 08:22:03.946,2,12842,3143,587,2,2
688,2021020600010002525,0001,2021-02-06 08:22:03.946,2,6534,2380,509,1,1
689,2021020600010002526,0001,2021-02-06 08:22:03.946,2,557,4137,472,0,0
690,2021020600010002525,0001,2021-02-06 08:22:04.961,2,8220,2358,465,1,1
691,2021020600010002526,0001,2021-02-06 08:22:04.961,2,1960,3863,415,0,0
692,2021020600010002525,0001,2021-02-06 08:22:05.976,2,10027,2362,464,2,2
693,2021020600010002526,0001,2021-02-06 08:22:05.976,2,3350,3610,369,0,0
694,2021020600010002525,0001,2021-02-06 08:22:06.992,2,11855,2277,578,2,2
695,2021020600010002526,0001,2021-02-06 08:22:06.992,2,4783,3506,367,1,1
696,2021020600010002525,0001,2021-02-06 08:22:08.007,2,13589,2212,601,3,3
697,2021020600010002526,0001,2021-02-06 08:22:08.007,2,6213,3443,375,1,1
698,2021020600010002526,0001,2021-02-06 08:22:09.008,2,7747,3396,520,2,2
699,2021020600010002526,0001,2021-02-06 08:22:10.024,2,9162,3223,525,2,2
700,2021020600010002526,0001,2021-02-06 08:22:11.039,2,10711,3063,542,2,2
701,2021020600010002526,0001,2021-02-06 08:22:12.054,2,12154,3062,565,3,3
702,2021020600010002527,0001,2021-02-06 08:22:12.054,2,1304,3438,534,0,0
703,2021020600010002526,0001,2021-02-06 08:22:13.07,2,13532,3099,553,3,3
704,2021020600010002527,0001,2021-02-06 08:22:13.07,2,2625,3138,718,0,0
705,2021020600010002527,0001,2021-02-06 08:22:14.085,2,4100,2952,769,1,1
706,2021020600010002527,0001,2021-02-06 08:22:15.101,2,4934,2753,586,1,1
707,2021020600010002528,0001,2021-02-06 08:22:15.101,2,1283,3119,368,0,0
708,2021020600010002529,0001,2021-02-06 08:22:15.101,2,5665,2753,815,0,0
709,2021020600010002527,0001,2021-02-06 08:22:16.116,2,4934,2753,586,1,1
710,2021020600010002528,0001,2021-02-06 08:22:16.116,2,2704,3018,600,0,0
711,2021020600010002529,0001,2021-02-06 08:22:16.116,2,7109,2609,779,0,0
712,2021020600010002527,0001,2021-02-06 08:22:17.132,2,4934,2753,586,2,2
713,2021020600010002528,0001,2021-02-06 08:22:17.132,2,4135,2822,604,1,1
714,2021020600010002529,0001,2021-02-06 08:22:17.132,2,8655,2504,755,0,0
715,2021020600010002527,0001,2021-02-06 08:22:18.147,2,5614,2637,594,2,2
716,2021020600010002528,0001,2021-02-06 08:22:18.147,2,4796,2763,585,1,1
717,2021020600010002529,0001,2021-02-06 08:22:18.147,2,10211,2477,708,1,1
718,2021020600010002527,0001,2021-02-06 08:22:19.162,2,7136,2527,597,3,3
719,2021020600010002528,0001,2021-02-06 08:22:19.162,2,4796,2763,585,1,1
720,2021020600010002529,0001,2021-02-06 08:22:19.162,2,11796,2456,664,1,1
721,2021020600010002527,0001,2021-02-06 08:22:20.178,2,8640,2479,559,3,3
722,2021020600010002528,0001,2021-02-06 08:22:20.178,2,4796,2763,585,2,2
723,2021020600010002529,0001,2021-02-06 08:22:20.178,2,13401,2511,400,2,2
724,2021020600010002527,0001,2021-02-06 08:22:21.193,2,10090,2400,603,3,3
725,2021020600010002527,0001,2021-02-06 08:22:22.208,2,11547,2324,582,4,4
726,2021020600010002527,0001,2021-02-06 08:22:23.224,2,12980,2290,597,4,4
727,2021020600010002530,0001,2021-02-06 08:22:23.224,2,812,3000,418,0,0
728,2021020600010002530,0001,2021-02-06 08:22:24.225,2,2370,3007,554,0,0
729,2021020600010002530,0001,2021-02-06 08:22:25.24,2,3968,2973,600,1,1
730,2021020600010002530,0001,2021-02-06 08:22:26.256,2,5530,2839,625,1,1
731,2021020600010002530,0001,2021-02-06 08:22:27.271,2,7362,2645,620,1,1
732,2021020600010002530,0001,2021-02-06 08:22:28.287,2,9017,2520,633,2,2
733,2021020600010002530,0001,2021-02-06 08:22:29.302,2,10675,2377,578,2,2
734,2021020600010002530,0001,2021-02-06 08:22:30.317,2,12393,2250,561,3,3
735,2021020600010002530,0001,2021-02-06 08:22:31.333,2,14065,2334,417,3,3
736,2021020600010002531,0001,2021-02-06 08:22:35.394,2,12969,1502,524,0,0
737,2021020600010002531,0001,2021-02-06 08:22:36.41,2,11394,1879,443,0,0
738,2021020600010002531,0001,2021-02-06 08:22:37.425,2,9580,1992,427,1,1
739,2021020600010002531,0001,2021-02-06 08:22:38.426,2,7932,1993,549,1,1
740,2021020600010002531,0001,2021-02-06 08:22:39.442,2,6257,1972,516,1,1
741,2021020600010002532,0001,2021-02-06 08:22:39.442,2,958,3887,580,0,0
742,2021020600010002531,0001,2021-02-06 08:22:40.457,2,4639,2117,476,2,2
743,2021020600010002532,0001,2021-02-06 08:22:40.457,2,2150,3916,512,0,0
744,2021020600010002531,0001,2021-02-06 08:22:41.473,2,2809,2468,404,2,2
745,2021020600010002532,0001,2021-02-06 08:22:41.473,2,3524,3946,517,1,1
746,2021020600010002531,0001,2021-02-06 08:22:42.488,2,1383,3144,420,3,3
747,2021020600010002532,0001,2021-02-06 08:22:42.488,2,4720,3854,533,1,1
748,2021020600010002531,0001,2021-02-06 08:22:43.503,2,10,3762,582,3,3
749,2021020600010002532,0001,2021-02-06 08:22:43.503,2,5887,3820,564,1,1
750,2021020600010002532,0001,2021-02-06 08:22:44.519,2,7124,3887,466,2,2
751,2021020600010002532,0001,2021-02-06 08:22:45.534,2,8300,3890,456,2,2
752,2021020600010002533,0001,2021-02-06 08:22:45.534,2,8592,3981,632,0,0
753,2021020600010002532,0001,2021-02-06 08:22:46.549,2,9548,3857,450,3,3
754,2021020600010002532,0001,2021-02-06 08:22:47.565,2,10901,3808,618,3,3
755,2021020600010002532,0001,2021-02-06 08:22:48.58,2,12046,3684,567,3,3
756,2021020600010002532,0001,2021-02-06 08:22:49.596,2,13286,3624,631,4,4
757,2021020600010002534,0001,2021-02-06 08:23:06.843,2,12892,1294,734,0,0
758,2021020600010002534,0001,2021-02-06 08:23:07.859,2,11558,1239,563,0,0
759,2021020600010002534,0001,2021-02-06 08:23:08.86,2,9980,1242,716,1,1
760,2021020600010002534,0001,2021-02-06 08:23:09.875,2,8698,1221,536,1,1
761,2021020600010002534,0001,2021-02-06 08:23:10.891,2,7088,1259,708,1,1
762,2021020600010002534,0001,2021-02-06 08:23:11.906,2,5681,1240,713,2,2
763,2021020600010002534,0001,2021-02-06 08:23:12.921,2,4267,1267,701,2,2
764,2021020600010002534,0001,2021-02-06 08:23:13.937,2,2719,1203,688,3,3
765,2021020600010002534,0001,2021-02-06 08:23:14.952,2,1357,1252,701,3,3
766,2021020600010002534,0001,2021-02-06 08:23:15.968,2,112,1178,437,3,3
767,2021020600010002539,0001,2021-02-06 08:23:46.401,2,496,3810,530,0,0
768,2021020600010002539,0001,2021-02-06 08:23:47.416,2,1950,3834,533,0,0
769,2021020600010002539,0001,2021-02-06 08:23:48.432,2,3406,3785,536,0,0
770,2021020600010002539,0001,2021-02-06 08:23:49.447,2,4879,3882,547,1,1
771,2021020600010002539,0001,2021-02-06 08:23:50.462,2,6295,3876,549,1,1
772,2021020600010002539,0001,2021-02-06 08:23:51.478,2,7763,3766,497,2,2
773,2021020600010002539,0001,2021-02-06 08:23:52.493,2,9225,3658,482,2,2
774,2021020600010002540,0001,2021-02-06 08:23:52.493,2,75,4509,504,0,0
775,2021020600010002539,0001,2021-02-06 08:23:53.508,2,10706,3713,646,2,2
776,2021020600010002540,0001,2021-02-06 08:23:53.508,2,75,4509,504,0,0
777,2021020600010002541,0001,2021-02-06 08:23:53.508,2,1184,2233,554,0,0
778,2021020600010002543,0001,2021-02-06 08:23:53.508,2,1312,4364,361,0,0
779,2021020600010002539,0001,2021-02-06 08:23:54.523,2,11973,3595,590,3,3
780,2021020600010002540,0001,2021-02-06 08:23:54.523,2,75,4509,504,0,0
781,2021020600010002541,0001,2021-02-06 08:23:54.523,2,2459,2106,577,0,0
782,2021020600010002543,0001,2021-02-06 08:23:54.523,2,2396,4183,487,0,0
783,2021020600010002539,0001,2021-02-06 08:23:55.539,2,13363,3608,575,3,3
784,2021020600010002540,0001,2021-02-06 08:23:55.539,2,75,4509,504,1,1
785,2021020600010002541,0001,2021-02-06 08:23:55.539,2,3845,2035,591,1,1
786,2021020600010002543,0001,2021-02-06 08:23:55.539,2,3698,3972,505,0,0
787,2021020600010002541,0001,2021-02-06 08:23:56.554,2,5247,1924,473,1,1
788,2021020600010002543,0001,2021-02-06 08:23:56.554,2,4966,3916,502,1,1
789,2021020600010002541,0001,2021-02-06 08:23:57.569,2,6593,1844,509,1,1
790,2021020600010002543,0001,2021-02-06 08:23:57.569,2,6211,3939,485,1,1
791,2021020600010002541,0001,2021-02-06 08:23:58.585,2,7926,1866,497,2,2
792,2021020600010002543,0001,2021-02-06 08:23:58.585,2,7355,3933,493,2,2
793,2021020600010002541,0001,2021-02-06 08:23:59.6,2,9267,1842,499,2,2
794,2021020600010002543,0001,2021-02-06 08:23:59.6,2,8572,3908,508,2,2
795,2021020600010002541,0001,2021-02-06 08:24:00.615,2,10805,1856,479,3,3
796,2021020600010002543,0001,2021-02-06 08:24:00.615,2,9932,3914,488,2,2
797,2021020600010002541,0001,2021-02-06 08:24:01.631,2,12306,2129,405,3,3
798,2021020600010002543,0001,2021-02-06 08:24:01.631,2,11180,3850,523,3,3
799,2021020600010002541,0001,2021-02-06 08:24:02.646,2,13707,2176,429,3,3
800,2021020600010002543,0001,2021-02-06 08:24:02.646,2,12504,3764,499,3,3
801,2021020600010002543,0001,2021-02-06 08:24:03.662,2,13797,3765,415,4,4
802,2021020600010002550,0001,2021-02-06 08:24:23.941,2,740,3360,439,0,0
803,2021020600010002550,0001,2021-02-06 08:24:24.957,2,2376,3413,494,0,0
804,2021020600010002550,0001,2021-02-06 08:24:25.972,2,3970,3421,503,0,0
805,2021020600010002550,0001,2021-02-06 08:24:26.987,2,5552,3385,540,1,1
806,2021020600010002550,0001,2021-02-06 08:24:28.003,2,7231,3450,561,1,1
807,2021020600010002550,0001,2021-02-06 08:24:29.018,2,8926,3359,540,2,2
808,2021020600010002550,0001,2021-02-06 08:24:30.034,2,10503,3260,578,2,2
809,2021020600010002550,0001,2021-02-06 08:24:31.049,2,12091,3241,563,3,3
810,2021020600010002550,0001,2021-02-06 08:24:32.065,2,13607,3180,487,3,3
811,2021020600010002554,0001,2021-02-06 08:24:51.343,2,1281,3104,594,0,0
812,2021020600010002555,0001,2021-02-06 08:24:51.343,2,68,1824,363,0,0
813,2021020600010002554,0001,2021-02-06 08:24:52.358,2,2573,3168,457,0,0
814,2021020600010002555,0001,2021-02-06 08:24:52.358,2,1651,1493,604,0,0
815,2021020600010002554,0001,2021-02-06 08:24:53.373,2,4077,3205,626,1,1
816,2021020600010002555,0001,2021-02-06 08:24:53.373,2,3258,1438,633,0,0
817,2021020600010002554,0001,2021-02-06 08:24:54.374,2,5590,3283,694,1,1
818,2021020600010002555,0001,2021-02-06 08:24:54.374,2,4871,1357,614,1,1
819,2021020600010002554,0001,2021-02-06 08:24:55.39,2,7114,3338,728,1,1
820,2021020600010002555,0001,2021-02-06 08:24:55.39,2,6578,1269,618,1,1
821,2021020600010002554,0001,2021-02-06 08:24:56.405,2,8517,3356,724,2,2
822,2021020600010002555,0001,2021-02-06 08:24:56.405,2,8057,1262,639,2,2
823,2021020600010002554,0001,2021-02-06 08:24:57.421,2,9945,3379,752,2,2
824,2021020600010002555,0001,2021-02-06 08:24:57.421,2,9578,1240,635,2,2
825,2021020600010002554,0001,2021-02-06 08:24:58.436,2,10751,3311,544,3,3
826,2021020600010002555,0001,2021-02-06 08:24:58.436,2,11275,1285,598,2,2
827,2021020600010002561,0001,2021-02-06 08:24:58.436,2,11454,3339,731,0,0
828,2021020600010002554,0001,2021-02-06 08:24:59.451,2,10751,3311,544,3,3
829,2021020600010002555,0001,2021-02-06 08:24:59.451,2,12849,1322,621,3,3
830,2021020600010002561,0001,2021-02-06 08:24:59.451,2,12283,3262,610,0,0
831,2021020600010002562,0001,2021-02-06 08:24:59.451,2,12765,3180,617,0,0
832,2021020600010002554,0001,2021-02-06 08:25:00.467,2,10751,3311,544,3,3
833,2021020600010002559,0001,2021-02-06 08:25:00.467,2,563,2235,395,0,0
834,2021020600010002559,0001,2021-02-06 08:25:01.482,2,2003,2311,542,0,0
835,2021020600010002559,0001,2021-02-06 08:25:02.498,2,3284,2437,543,0,0
836,2021020600010002559,0001,2021-02-06 08:25:03.513,2,4708,2484,604,1,1
837,2021020600010002559,0001,2021-02-06 08:25:04.528,2,6017,2464,584,1,1
838,2021020600010002559,0001,2021-02-06 08:25:05.544,2,7531,2411,554,2,2
839,2021020600010002559,0001,2021-02-06 08:25:06.559,2,8950,2378,533,2,2
840,2021020600010002559,0001,2021-02-06 08:25:07.574,2,10531,2383,566,3,3
841,2021020600010002559,0001,2021-02-06 08:25:08.576,2,11868,2522,529,3,3
842,2021020600010002559,0001,2021-02-06 08:25:09.591,2,13292,2643,592,3,3
843,2021020600010002574,0001,2021-02-06 08:25:56.256,2,1663,3205,421,0,0
844,2021020600010002574,0001,2021-02-06 08:25:57.272,2,3264,3044,607,0,0
845,2021020600010002574,0001,2021-02-06 08:25:58.287,2,4906,3041,591,1,1
846,2021020600010002574,0001,2021-02-06 08:25:59.303,2,6633,3025,588,1,1
847,2021020600010002574,0001,2021-02-06 08:26:00.318,2,8277,2933,561,1,1
848,2021020600010002574,0001,2021-02-06 08:26:01.334,2,10037,2832,554,2,2
849,2021020600010002574,0001,2021-02-06 08:26:02.349,2,11703,2836,578,2,2
850,2021020600010002574,0001,2021-02-06 08:26:03.364,2,13468,2863,602,3,3
851,2021020600010002582,0001,2021-02-06 08:26:14.531,2,1200,3725,394,0,0
852,2021020600010002582,0001,2021-02-06 08:26:15.546,2,2667,3755,423,0,0
853,2021020600010002582,0001,2021-02-06 08:26:16.562,2,3944,3713,401,1,1
854,2021020600010002581,0001,2021-02-06 08:26:17.577,2,1281,2747,411,0,0
855,2021020600010002582,0001,2021-02-06 08:26:17.577,2,5412,3884,516,1,1
856,2021020600010002581,0001,2021-02-06 08:26:18.593,2,2840,2564,531,0,0
857,2021020600010002582,0001,2021-02-06 08:26:18.593,2,6803,3873,528,1,1
858,2021020600010002581,0001,2021-02-06 08:26:19.608,2,4451,2585,567,1,1
859,2021020600010002582,0001,2021-02-06 08:26:19.608,2,8299,3851,577,2,2
860,2021020600010002583,0001,2021-02-06 08:26:19.608,2,630,2715,523,0,0
861,2021020600010002581,0001,2021-02-06 08:26:20.623,2,5803,2499,622,1,1
862,2021020600010002582,0001,2021-02-06 08:26:20.623,2,9753,3923,576,2,2
863,2021020600010002583,0001,2021-02-06 08:26:20.623,2,1735,2763,546,0,0
864,2021020600010002581,0001,2021-02-06 08:26:21.639,2,7265,2402,702,1,1
865,2021020600010002582,0001,2021-02-06 08:26:21.639,2,11145,4016,581,3,3
866,2021020600010002583,0001,2021-02-06 08:26:21.639,2,2917,2925,600,0,0
867,2021020600010002581,0001,2021-02-06 08:26:22.654,2,8711,2237,662,2,2
868,2021020600010002582,0001,2021-02-06 08:26:22.654,2,12514,4127,589,3,3
869,2021020600010002583,0001,2021-02-06 08:26:22.654,2,4118,3008,561,1,1
870,2021020600010002581,0001,2021-02-06 08:26:23.655,2,10166,2094,643,2,2
871,2021020600010002582,0001,2021-02-06 08:26:23.655,2,14075,4321,357,3,3
872,2021020600010002583,0001,2021-02-06 08:26:23.655,2,5315,3053,562,1,1
873,2021020600010002585,0001,2021-02-06 08:26:23.655,2,1301,3590,554,0,0
874,2021020600010002581,0001,2021-02-06 08:26:24.671,2,11743,2125,636,3,3
875,2021020600010002583,0001,2021-02-06 08:26:24.671,2,6734,3123,552,2,2
876,2021020600010002585,0001,2021-02-06 08:26:24.671,2,2867,3680,675,0,0
877,2021020600010002581,0001,2021-02-06 08:26:25.686,2,13221,2244,667,3,3
878,2021020600010002583,0001,2021-02-06 08:26:25.686,2,8142,3268,574,2,2
879,2021020600010002585,0001,2021-02-06 08:26:25.686,2,4292,3720,638,1,1
880,2021020600010002588,0001,2021-02-06 08:26:25.686,2,1323,3160,502,0,0
881,2021020600010002583,0001,2021-02-06 08:26:26.701,2,9669,3473,642,3,3
882,2021020600010002585,0001,2021-02-06 08:26:26.701,2,5740,3821,648,1,1
883,2021020600010002588,0001,2021-02-06 08:26:26.701,2,2805,3221,498,0,0
884,2021020600010002583,0001,2021-02-06 08:26:27.717,2,11118,3506,616,3,3
885,2021020600010002585,0001,2021-02-06 08:26:27.717,2,7166,3814,605,1,1
886,2021020600010002588,0001,2021-02-06 08:26:27.717,2,4151,3293,525,0,0
887,2021020600010002583,0001,2021-02-06 08:26:28.732,2,12489,3464,570,3,3
888,2021020600010002585,0001,2021-02-06 08:26:28.732,2,8790,3734,606,2,2
889,2021020600010002588,0001,2021-02-06 08:26:28.732,2,5697,3426,539,1,1
890,2021020600010002583,0001,2021-02-06 08:26:29.748,2,13746,3454,529,4,4
891,2021020600010002585,0001,2021-02-06 08:26:29.748,2,10252,3733,596,2,2
892,2021020600010002588,0001,2021-02-06 08:26:29.748,2,7202,3476,506,1,1
893,2021020600010002583,0001,2021-02-06 08:26:30.763,2,13954,3597,548,4,4
894,2021020600010002585,0001,2021-02-06 08:26:30.763,2,11614,3720,596,3,3
895,2021020600010002587,0001,2021-02-06 08:26:30.763,2,1123,1747,721,0,0
896,2021020600010002588,0001,2021-02-06 08:26:30.763,2,8623,3376,455,2,2
897,2021020600010002583,0001,2021-02-06 08:26:31.779,2,13585,3642,504,5,5
898,2021020600010002585,0001,2021-02-06 08:26:31.779,2,12846,3358,492,3,3
899,2021020600010002587,0001,2021-02-06 08:26:31.779,2,2613,1671,582,0,0
900,2021020600010002588,0001,2021-02-06 08:26:31.779,2,10175,3330,535,2,2
901,2021020600010002590,0001,2021-02-06 08:26:31.779,2,110,2837,520,0,0
902,2021020600010002583,0001,2021-02-06 08:26:32.794,2,12577,4224,673,5,5
903,2021020600010002587,0001,2021-02-06 08:26:32.794,2,2584,1521,394,1,1
904,2021020600010002588,0001,2021-02-06 08:26:32.794,2,10828,3328,512,2,2
905,2021020600010002590,0001,2021-02-06 08:26:32.794,2,1651,2725,477,0,0
906,2021020600010002591,0001,2021-02-06 08:26:32.794,2,3883,1656,497,0,0
907,2021020600010002592,0001,2021-02-06 08:26:32.794,2,11684,3203,401,0,0
908,2021020600010002583,0001,2021-02-06 08:26:33.809,2,11072,4444,678,5,5
909,2021020600010002587,0001,2021-02-06 08:26:33.809,2,2584,1521,394,1,1
910,2021020600010002588,0001,2021-02-06 08:26:33.809,2,10828,3328,512,3,3
911,2021020600010002590,0001,2021-02-06 08:26:33.809,2,2936,2456,462,0,0
912,2021020600010002592,0001,2021-02-06 08:26:33.809,2,13277,3178,424,0,0
913,2021020600010002594,0001,2021-02-06 08:26:33.809,2,5908,1631,511,0,0
914,2021020600010002583,0001,2021-02-06 08:26:34.825,2,9420,4488,514,6,6
915,2021020600010002587,0001,2021-02-06 08:26:34.825,2,2584,1521,394,1,1
916,2021020600010002588,0001,2021-02-06 08:26:34.825,2,10828,3328,512,3,3
917,2021020600010002590,0001,2021-02-06 08:26:34.825,2,4480,2207,569,1,1
918,2021020600010002594,0001,2021-02-06 08:26:34.825,2,7407,1644,546,0,0
919,2021020600010002583,0001,2021-02-06 08:26:35.84,2,7829,4455,611,6,6
920,2021020600010002590,0001,2021-02-06 08:26:35.84,2,5764,1956,478,1,1
921,2021020600010002594,0001,2021-02-06 08:26:35.84,2,8889,1562,591,0,0
922,2021020600010002583,0001,2021-02-06 08:26:36.855,2,6173,4409,588,7,7
923,2021020600010002590,0001,2021-02-06 08:26:36.855,2,7323,1980,506,2,2
924,2021020600010002594,0001,2021-02-06 08:26:36.855,2,10745,1598,614,1,1
925,2021020600010002583,0001,2021-02-06 08:26:37.871,2,5129,4382,534,7,7
926,2021020600010002590,0001,2021-02-06 08:26:37.871,2,8673,2002,467,2,2
927,2021020600010002594,0001,2021-02-06 08:26:37.871,2,12281,1588,510,1,1
928,2021020600010002583,0001,2021-02-06 08:26:38.872,2,4833,4258,480,7,7
929,2021020600010002590,0001,2021-02-06 08:26:38.872,2,10021,1946,453,2,2
930,2021020600010002594,0001,2021-02-06 08:26:38.872,2,13796,1553,698,2,2
931,2021020600010002583,0001,2021-02-06 08:26:39.887,2,4841,4286,525,8,8
932,2021020600010002590,0001,2021-02-06 08:26:39.887,2,11674,1804,558,3,3
933,2021020600010002593,0001,2021-02-06 08:26:39.887,2,476,3815,352,0,0
934,2021020600010002583,0001,2021-02-06 08:26:40.903,2,4820,4267,512,8,8
935,2021020600010002590,0001,2021-02-06 08:26:40.903,2,13087,1769,628,3,3
936,2021020600010002593,0001,2021-02-06 08:26:40.903,2,1592,3518,361,0,0
937,2021020600010002583,0001,2021-02-06 08:26:41.918,2,4802,4251,508,9,9
938,2021020600010002593,0001,2021-02-06 08:26:41.918,2,2788,3088,415,0,0
939,2021020600010002583,0001,2021-02-06 08:26:42.934,2,4850,4273,536,9,9
940,2021020600010002593,0001,2021-02-06 08:26:42.934,2,3955,2866,464,1,1
941,2021020600010002583,0001,2021-02-06 08:26:43.949,2,4842,4267,538,9,9
942,2021020600010002593,0001,2021-02-06 08:26:43.949,2,5187,2774,446,1,1
943,2021020600010002583,0001,2021-02-06 08:26:44.964,2,4819,4266,512,10,10
944,2021020600010002593,0001,2021-02-06 08:26:44.964,2,6414,2774,473,2,2
945,2021020600010002583,0001,2021-02-06 08:26:45.98,2,4810,4257,505,10,10
946,2021020600010002593,0001,2021-02-06 08:26:45.98,2,7690,2743,469,2,2
947,2021020600010002583,0001,2021-02-06 08:26:46.995,2,4815,4262,508,11,11
948,2021020600010002593,0001,2021-02-06 08:26:46.995,2,8908,2660,455,3,3
949,2021020600010002583,0001,2021-02-06 08:26:48.011,2,4809,4256,508,11,11
950,2021020600010002593,0001,2021-02-06 08:26:48.011,2,10178,2515,461,3,3
951,2021020600010002583,0001,2021-02-06 08:26:49.026,2,4813,4260,511,11,11
952,2021020600010002593,0001,2021-02-06 08:26:49.026,2,11381,2359,463,3,3
953,2021020600010002598,0001,2021-02-06 08:26:49.026,2,218,2598,674,0,0
954,2021020600010002583,0001,2021-02-06 08:26:50.041,2,4817,4265,514,11,11
955,2021020600010002593,0001,2021-02-06 08:26:50.041,2,11604,2340,458,3,3
956,2021020600010002598,0001,2021-02-06 08:26:50.041,2,400,2379,585,0,0
957,2021020600010002583,0001,2021-02-06 08:26:52.072,1,4801,4248,505,12,12
958,2021020600010002593,0001,2021-02-06 08:26:52.072,1,11604,2340,458,4,4
959,2021020600010002598,0001,2021-02-06 08:26:52.072,1,400,2379,585,0,0
960,2021020600010002601,0001,2021-02-06 08:26:52.072,1,5051,2357,587,0,0
961,2021020600010002583,0001,2021-02-06 08:26:53.087,1,4839,4263,535,12,12
962,2021020600010002593,0001,2021-02-06 08:26:53.087,1,11604,2340,458,4,4
963,2021020600010002598,0001,2021-02-06 08:26:53.087,1,400,2379,585,0,0
964,2021020600010002601,0001,2021-02-06 08:26:53.087,1,6721,2413,561,0,0
965,2021020600010002583,0001,2021-02-06 08:26:54.089,1,4823,4289,547,13,13
966,2021020600010002593,0001,2021-02-06 08:26:54.089,1,11604,2340,458,5,5
967,2021020600010002598,0001,2021-02-06 08:26:54.089,1,400,2379,585,1,1
968,2021020600010002601,0001,2021-02-06 08:26:54.089,1,8322,2485,568,1,1
969,2021020600010002583,0001,2021-02-06 08:26:55.104,1,4811,4257,505,13,13
970,2021020600010002601,0001,2021-02-06 08:26:55.104,1,10036,2433,588,1,1
971,2021020600010002583,0001,2021-02-06 08:26:56.119,1,4829,4293,538,13,13
972,2021020600010002601,0001,2021-02-06 08:26:56.119,1,11615,2389,569,1,1
973,2021020600010002583,0001,2021-02-06 08:26:57.135,1,4799,4305,542,14,14
974,2021020600010002601,0001,2021-02-06 08:26:57.135,1,12098,2461,646,1,1
975,2021020600010002583,0001,2021-02-06 08:26:58.15,2,3348,4309,514,14,14
976,2021020600010002601,0001,2021-02-06 08:26:58.15,2,12098,2461,646,2,2
977,2021020600010002583,0001,2021-02-06 08:26:59.166,2,2159,4412,521,14,14
978,2021020600010002601,0001,2021-02-06 08:26:59.166,2,12098,2461,646,2,2
979,2021020600010002583,0001,2021-02-06 08:27:00.181,2,1049,4444,562,15,15
980,2021020600010002601,0001,2021-02-06 08:27:00.181,2,12098,2461,646,3,3
981,2021020600010002612,0001,2021-02-06 08:27:47.803,2,546,4409,498,0,0
982,2021020600010002612,0001,2021-02-06 08:27:48.818,2,1847,4180,467,0,0
983,2021020600010002612,0001,2021-02-06 08:27:49.834,2,3262,3995,454,0,0
984,2021020600010002612,0001,2021-02-06 08:27:50.849,2,4705,3880,486,1,1
985,2021020600010002612,0001,2021-02-06 08:27:51.865,2,6132,3740,471,1,1
986,2021020600010002612,0001,2021-02-06 08:27:52.88,2,7601,3606,478,2,2
987,2021020600010002612,0001,2021-02-06 08:27:53.881,2,9081,3532,522,2,2
988,2021020600010002612,0001,2021-02-06 08:27:54.897,2,10625,3479,559,2,2
989,2021020600010002612,0001,2021-02-06 08:27:55.912,2,11994,3369,543,3,3
990,2021020600010002612,0001,2021-02-06 08:27:56.928,2,13462,3257,458,3,3
991,2021020600010002613,0001,2021-02-06 08:28:11.129,2,14284,875,769,0,0
992,2021020600010002613,0001,2021-02-06 08:28:12.144,2,13000,1285,736,0,0
993,2021020600010002613,0001,2021-02-06 08:28:13.16,2,11557,1629,741,0,0
994,2021020600010002613,0001,2021-02-06 08:28:14.175,2,10180,1800,696,1,1
995,2021020600010002613,0001,2021-02-06 08:28:15.19,2,9692,1555,493,1,1
996,2021020600010002614,0001,2021-02-06 08:28:15.19,2,8739,1904,719,0,0
997,2021020600010002613,0001,2021-02-06 08:28:16.206,2,9692,1555,493,2,2
998,2021020600010002614,0001,2021-02-06 08:28:16.206,2,7243,1914,711,0,0
999,2021020600010002613,0001,2021-02-06 08:28:17.221,2,9692,1555,493,2,2
1000,2021020600010002614,0001,2021-02-06 08:28:17.221,2,5988,1910,630,1,1
1001,2021020600010002614,0001,2021-02-06 08:28:18.236,2,4496,1932,681,1,1
1002,2021020600010002614,0001,2021-02-06 08:28:19.252,2,3107,1917,572,1,1
1003,2021020600010002614,0001,2021-02-06 08:28:20.267,2,1769,1865,382,2,2
1004,2021020600010002614,0001,2021-02-06 08:28:21.283,2,336,1746,396,2,2
1005,2021020600010002623,0001,2021-02-06 08:28:58.809,2,261,3274,499,0,0
1006,2021020600010002623,0001,2021-02-06 08:28:59.824,2,1715,3186,734,0,0
1007,2021020600010002623,0001,2021-02-06 08:29:00.84,2,3138,3206,412,0,0
1008,2021020600010002623,0001,2021-02-06 08:29:01.855,2,4476,3094,514,1,1
1009,2021020600010002623,0001,2021-02-06 08:29:02.87,2,5982,3164,445,1,1
1010,2021020600010002623,0001,2021-02-06 08:29:03.886,2,7443,3179,531,2,2
1011,2021020600010002623,0001,2021-02-06 08:29:04.901,2,8759,3189,494,2,2
1012,2021020600010002623,0001,2021-02-06 08:29:05.917,2,10320,3204,473,2,2
1013,2021020600010002623,0001,2021-02-06 08:29:06.932,2,11717,3194,531,3,3
1014,2021020600010002623,0001,2021-02-06 08:29:07.947,2,13348,3288,452,3,3
1015,2021020600010002625,0001,2021-02-06 08:29:07.947,2,476,4080,394,0,0
1016,2021020600010002625,0001,2021-02-06 08:29:08.949,2,2215,3689,451,0,0
1017,2021020600010002625,0001,2021-02-06 08:29:09.964,2,3939,3347,481,0,0
1018,2021020600010002625,0001,2021-02-06 08:29:10.979,2,5641,3019,508,1,1
1019,2021020600010002625,0001,2021-02-06 08:29:11.995,2,6401,2919,510,1,1
1020,2021020600010002625,0001,2021-02-06 08:29:14.026,1,6401,2919,510,1,1
1021,2021020600010002627,0001,2021-02-06 08:29:14.026,1,10905,2368,497,0,0
1022,2021020600010002625,0001,2021-02-06 08:29:15.041,1,6401,2919,510,2,2
1023,2021020600010002627,0001,2021-02-06 08:29:15.041,1,12854,2267,574,0,0
1024,2021020600010002625,0001,2021-02-06 08:29:16.056,1,6401,2919,510,2,2
1025,2021020600010002643,0001,2021-02-06 08:31:00.552,2,1471,3690,621,0,0
1026,2021020600010002643,0001,2021-02-06 08:31:01.567,2,2862,3194,432,0,0
1027,2021020600010002643,0001,2021-02-06 08:31:02.583,2,4348,2910,493,1,1
1028,2021020600010002643,0001,2021-02-06 08:31:03.598,2,5884,2779,559,1,1
1029,2021020600010002643,0001,2021-02-06 08:31:04.613,2,7339,2727,523,1,1
1030,2021020600010002643,0001,2021-02-06 08:31:05.629,2,9001,2774,542,2,2
1031,2021020600010002643,0001,2021-02-06 08:31:06.644,2,10570,2733,476,2,2
1032,2021020600010002643,0001,2021-02-06 08:31:07.66,2,12449,2838,558,3,3
1033,2021020600010002643,0001,2021-02-06 08:31:08.661,2,13927,2660,484,3,3
1034,2021020600010002646,0001,2021-02-06 08:31:21.861,2,1760,3561,681,0,0
1035,2021020600010002646,0001,2021-02-06 08:31:22.876,2,3575,3392,771,0,0
1036,2021020600010002646,0001,2021-02-06 08:31:23.878,2,5302,3211,781,1,1
1037,2021020600010002646,0001,2021-02-06 08:31:24.893,2,7077,3102,751,1,1
1038,2021020600010002646,0001,2021-02-06 08:31:25.908,2,8904,3027,774,1,1
1039,2021020600010002646,0001,2021-02-06 08:31:26.924,2,10788,2995,714,2,2
1040,2021020600010002646,0001,2021-02-06 08:31:27.939,2,12684,2958,632,2,2
1041,2021020600010002647,0001,2021-02-06 08:31:29.97,2,366,3991,631,0,0
1042,2021020600010002647,0001,2021-02-06 08:31:30.985,2,1693,3650,757,0,0
1043,2021020600010002647,0001,2021-02-06 08:31:32,2,2984,3496,764,0,0
1044,2021020600010002647,0001,2021-02-06 08:31:33.016,2,4195,3260,723,1,1
1045,2021020600010002647,0001,2021-02-06 08:31:34.032,2,5400,3114,663,1,1
1046,2021020600010002647,0001,2021-02-06 08:31:35.047,2,5557,3140,519,2,2
1047,2021020600010002648,0001,2021-02-06 08:31:35.047,2,6905,2976,714,0,0
1048,2021020600010002647,0001,2021-02-06 08:31:36.062,2,5557,3140,519,2,2
1049,2021020600010002648,0001,2021-02-06 08:31:36.062,2,6979,2995,502,0,0
1050,2021020600010002649,0001,2021-02-06 08:31:36.062,2,8258,2920,646,0,0
1051,2021020600010002647,0001,2021-02-06 08:31:37.078,2,5557,3140,519,2,2
1052,2021020600010002649,0001,2021-02-06 08:31:37.078,2,9572,2808,636,0,0
1053,2021020600010002649,0001,2021-02-06 08:31:38.093,2,9739,2837,457,1,1
1054,2021020600010002650,0001,2021-02-06 08:31:38.093,2,10833,2723,651,0,0
1055,2021020600010002649,0001,2021-02-06 08:31:39.094,2,9739,2837,457,1,1
1056,2021020600010002650,0001,2021-02-06 08:31:39.094,2,12133,2661,599,0,0
1057,2021020600010002650,0001,2021-02-06 08:31:40.11,2,13648,2650,637,1,1
1058,2021020600010002654,0001,2021-02-06 08:32:03.449,2,2658,2722,410,0,0
1059,2021020600010002654,0001,2021-02-06 08:32:04.465,2,5849,2680,646,0,0
1060,2021020600010002654,0001,2021-02-06 08:32:05.48,2,9224,2626,584,0,0
1061,2021020600010002654,0001,2021-02-06 08:32:06.496,2,12541,2459,694,1,1
1062,2021020600010002660,0001,2021-02-06 08:32:29.822,2,829,2166,370,0,0
1063,2021020600010002660,0001,2021-02-06 08:32:30.837,2,2271,1873,621,0,0
1064,2021020600010002660,0001,2021-02-06 08:32:31.852,2,4052,1496,718,1,1
1065,2021020600010002660,0001,2021-02-06 08:32:32.868,2,5519,1529,503,1,1
1066,2021020600010002660,0001,2021-02-06 08:32:33.883,2,7035,1573,487,1,1
1067,2021020600010002660,0001,2021-02-06 08:32:34.898,2,8595,1549,648,2,2
1068,2021020600010002660,0001,2021-02-06 08:32:35.914,2,10266,1721,673,2,2
1069,2021020600010002662,0001,2021-02-06 08:32:35.914,2,733,2700,374,0,0
1070,2021020600010002660,0001,2021-02-06 08:32:36.929,2,11762,1616,452,3,3
1071,2021020600010002661,0001,2021-02-06 08:32:36.929,2,316,4127,596,0,0
1072,2021020600010002662,0001,2021-02-06 08:32:36.929,2,2095,2549,432,0,0
1073,2021020600010002660,0001,2021-02-06 08:32:37.945,2,12860,1578,565,3,3
1074,2021020600010002661,0001,2021-02-06 08:32:37.945,2,1600,3749,619,0,0
1075,2021020600010002662,0001,2021-02-06 08:32:37.945,2,3503,2552,502,0,0
1076,2021020600010002663,0001,2021-02-06 08:32:37.945,2,13397,1743,603,0,0
1077,2021020600010002660,0001,2021-02-06 08:32:38.946,2,12860,1578,565,3,3
1078,2021020600010002661,0001,2021-02-06 08:32:38.946,2,2869,3506,453,0,0
1079,2021020600010002662,0001,2021-02-06 08:32:38.946,2,4879,2515,406,1,1
1080,2021020600010002660,0001,2021-02-06 08:32:39.961,2,12860,1578,565,4,4
1081,2021020600010002661,0001,2021-02-06 08:32:39.961,2,4252,3425,426,1,1
1082,2021020600010002662,0001,2021-02-06 08:32:39.961,2,6253,2401,411,1,1
1083,2021020600010002661,0001,2021-02-06 08:32:40.977,2,5834,3561,481,1,1
1084,2021020600010002662,0001,2021-02-06 08:32:40.977,2,7889,2375,582,2,2
1085,2021020600010002661,0001,2021-02-06 08:32:41.992,2,7019,3535,392,2,2
1086,2021020600010002662,0001,2021-02-06 08:32:41.992,2,9177,2351,539,2,2
1087,2021020600010002661,0001,2021-02-06 08:32:43.007,2,8658,3714,478,2,2
1088,2021020600010002662,0001,2021-02-06 08:32:43.007,2,10666,2168,577,3,3
1089,2021020600010002661,0001,2021-02-06 08:32:44.023,2,10069,3781,478,2,2
1090,2021020600010002662,0001,2021-02-06 08:32:44.023,2,12076,1938,603,3,3
1091,2021020600010002661,0001,2021-02-06 08:32:45.038,2,11474,3775,466,3,3
1092,2021020600010002662,0001,2021-02-06 08:32:45.038,2,13544,1781,618,3,3
1093,2021020600010002661,0001,2021-02-06 08:32:46.054,2,12858,3655,462,3,3
1094,2021020600010002661,0001,2021-02-06 08:32:47.069,2,14213,3454,570,4,4
1095,2021020600010002689,0001,2021-02-06 08:34:46.783,2,1147,2016,527,0,0
1096,2021020600010002689,0001,2021-02-06 08:34:47.799,2,2549,1932,556,0,0
1097,2021020600010002689,0001,2021-02-06 08:34:48.814,2,3992,1984,544,0,0
1098,2021020600010002689,0001,2021-02-06 08:34:49.829,2,5477,1994,611,1,1
1099,2021020600010002689,0001,2021-02-06 08:34:50.845,2,6833,1976,531,1,1
1100,2021020600010002689,0001,2021-02-06 08:34:51.86,2,8382,1897,604,2,2
1101,2021020600010002689,0001,2021-02-06 08:34:52.876,2,9742,1915,563,2,2
1102,2021020600010002689,0001,2021-02-06 08:34:53.877,2,11122,2013,606,3,3
1103,2021020600010002689,0001,2021-02-06 08:34:54.892,2,12612,2025,615,3,3
1104,2021020600010002689,0001,2021-02-06 08:34:55.908,2,14089,1941,352,3,3
1105,2021020600010002695,0001,2021-02-06 08:35:17.217,2,124,4393,624,0,0
1106,2021020600010002695,0001,2021-02-06 08:35:18.232,2,1374,3967,625,0,0
1107,2021020600010002695,0001,2021-02-06 08:35:19.248,2,2636,3816,698,0,0
1108,2021020600010002695,0001,2021-02-06 08:35:20.263,2,3876,3705,762,1,1
1109,2021020600010002695,0001,2021-02-06 08:35:21.278,2,5159,3665,748,1,1
1110,2021020600010002695,0001,2021-02-06 08:35:22.294,2,6573,3586,754,2,2
1111,2021020600010002695,0001,2021-02-06 08:35:23.309,2,7989,3560,704,2,2
1112,2021020600010002695,0001,2021-02-06 08:35:24.311,2,9268,3442,649,2,2
1113,2021020600010002695,0001,2021-02-06 08:35:25.326,2,10622,3423,648,3,3
1114,2021020600010002695,0001,2021-02-06 08:35:26.341,2,11944,3451,712,3,3
1115,2021020600010002695,0001,2021-02-06 08:35:27.357,2,13272,3369,718,4,4
1116,2021020600010002709,0001,2021-02-06 08:36:28.224,2,1164,3168,437,0,0
1117,2021020600010002709,0001,2021-02-06 08:36:29.239,2,2435,3070,483,0,0
1118,2021020600010002709,0001,2021-02-06 08:36:30.254,2,3647,3023,487,1,1
1119,2021020600010002709,0001,2021-02-06 08:36:31.27,2,4965,2968,479,1,1
1120,2021020600010002710,0001,2021-02-06 08:36:31.27,2,368,3538,607,0,0
1121,2021020600010002709,0001,2021-02-06 08:36:32.285,2,6355,2997,490,1,1
1122,2021020600010002710,0001,2021-02-06 08:36:32.285,2,1709,2986,372,0,0
1123,2021020600010002709,0001,2021-02-06 08:36:33.3,2,7664,2999,467,2,2
1124,2021020600010002710,0001,2021-02-06 08:36:33.3,2,3108,2620,373,0,0
1125,2021020600010002709,0001,2021-02-06 08:36:34.316,2,8934,3031,505,2,2
1126,2021020600010002710,0001,2021-02-06 08:36:34.316,2,4473,2452,606,1,1
1127,2021020600010002709,0001,2021-02-06 08:36:35.331,2,10262,3135,574,3,3
1128,2021020600010002710,0001,2021-02-06 08:36:35.331,2,5957,2368,611,1,1
1129,2021020600010002709,0001,2021-02-06 08:36:36.347,2,11634,3177,501,3,3
1130,2021020600010002710,0001,2021-02-06 08:36:36.347,2,7383,2351,661,2,2
1131,2021020600010002709,0001,2021-02-06 08:36:37.362,2,12910,3201,471,3,3
1132,2021020600010002710,0001,2021-02-06 08:36:37.362,2,8837,2310,655,2,2
1133,2021020600010002709,0001,2021-02-06 08:36:38.377,2,14176,3174,500,4,4
1134,2021020600010002710,0001,2021-02-06 08:36:38.377,2,10366,2325,647,2,2
1135,2021020600010002710,0001,2021-02-06 08:36:39.379,2,11788,2267,619,3,3
1136,2021020600010002710,0001,2021-02-06 08:36:40.394,2,13154,2263,633,3,3
1137,2021020600010002722,0001,2021-02-06 08:37:30.059,2,393,4451,464,0,0
1138,2021020600010002722,0001,2021-02-06 08:37:31.074,2,1584,4429,566,0,0
1139,2021020600010002722,0001,2021-02-06 08:37:32.089,2,2623,4406,496,0,0
1140,2021020600010002722,0001,2021-02-06 08:37:33.105,2,3531,4346,525,1,1
1141,2021020600010002722,0001,2021-02-06 08:37:34.12,2,4568,4452,504,1,1
1142,2021020600010002727,0001,2021-02-06 08:37:34.12,2,306,2303,398,0,0
1143,2021020600010002722,0001,2021-02-06 08:37:35.136,2,5696,4424,488,2,2
1144,2021020600010002727,0001,2021-02-06 08:37:35.136,2,1989,1783,487,0,0
1145,2021020600010002722,0001,2021-02-06 08:37:36.151,2,6544,4312,513,2,2
1146,2021020600010002727,0001,2021-02-06 08:37:36.151,2,3778,1550,553,0,0
1147,2021020600010002722,0001,2021-02-06 08:37:37.166,2,7475,4296,503,2,2
1148,2021020600010002727,0001,2021-02-06 08:37:37.166,2,5328,1429,581,1,1
1149,2021020600010002722,0001,2021-02-06 08:37:38.182,2,8440,4324,460,3,3
1150,2021020600010002727,0001,2021-02-06 08:37:38.182,2,7085,1395,551,1,1
1151,2021020600010002722,0001,2021-02-06 08:37:39.183,2,9405,4137,453,3,3
1152,2021020600010002727,0001,2021-02-06 08:37:39.183,2,8730,1283,512,2,2
1153,2021020600010002722,0001,2021-02-06 08:37:40.198,2,10365,4083,487,4,4
1154,2021020600010002727,0001,2021-02-06 08:37:40.198,2,10376,1228,459,2,2
1155,2021020600010002722,0001,2021-02-06 08:37:41.214,2,11358,3962,478,4,4
1156,2021020600010002727,0001,2021-02-06 08:37:41.214,2,12262,1256,479,2,2
1157,2021020600010002722,0001,2021-02-06 08:37:42.229,2,12312,3920,469,4,4
1158,2021020600010002727,0001,2021-02-06 08:37:42.229,2,13886,1131,625,3,3
1159,2021020600010002722,0001,2021-02-06 08:37:43.244,2,13355,3950,492,5,5
1160,2021020600010002732,0001,2021-02-06 08:37:45.275,2,722,4591,548,0,0
1161,2021020600010002732,0001,2021-02-06 08:37:46.29,2,1456,4406,386,0,0
1162,2021020600010002733,0001,2021-02-06 08:37:46.29,2,636,1558,612,0,0
1163,2021020600010002732,0001,2021-02-06 08:37:47.306,2,2447,4395,378,1,1
1164,2021020600010002733,0001,2021-02-06 08:37:47.306,2,2055,1898,558,0,0
1165,2021020600010002732,0001,2021-02-06 08:37:48.321,2,3585,4286,499,1,1
1166,2021020600010002733,0001,2021-02-06 08:37:48.321,2,3656,2130,555,0,0
1167,2021020600010002732,0001,2021-02-06 08:37:49.337,2,4445,4196,469,1,1
1168,2021020600010002733,0001,2021-02-06 08:37:49.337,2,5048,2328,487,1,1
1169,2021020600010002732,0001,2021-02-06 08:37:50.352,2,5458,4074,359,2,2
1170,2021020600010002733,0001,2021-02-06 08:37:50.352,2,6474,2373,633,1,1
1171,2021020600010002732,0001,2021-02-06 08:37:51.368,2,6400,3902,360,2,2
1172,2021020600010002733,0001,2021-02-06 08:37:51.368,2,7995,2424,620,2,2
1173,2021020600010002732,0001,2021-02-06 08:37:52.383,2,7576,3905,502,3,3
1174,2021020600010002733,0001,2021-02-06 08:37:52.383,2,9526,2465,608,2,2
1175,2021020600010002732,0001,2021-02-06 08:37:53.4,2,8551,4004,532,3,3
1176,2021020600010002733,0001,2021-02-06 08:37:53.4,2,10594,2398,577,2,2
1177,2021020600010002740,0001,2021-02-06 08:37:53.4,2,10955,2380,612,0,0
1178,2021020600010002732,0001,2021-02-06 08:37:54.415,2,9540,4089,523,3,3
1179,2021020600010002733,0001,2021-02-06 08:37:54.415,2,10594,2398,577,3,3
1180,2021020600010002740,0001,2021-02-06 08:37:54.415,2,12417,2358,568,0,0
1181,2021020600010002732,0001,2021-02-06 08:37:55.431,2,10587,3991,505,4,4
1182,2021020600010002733,0001,2021-02-06 08:37:55.431,2,10594,2398,577,3,3
1183,2021020600010002740,0001,2021-02-06 08:37:55.431,2,14031,2344,510,0,0
1184,2021020600010002732,0001,2021-02-06 08:37:56.446,2,11593,3850,570,4,4
1185,2021020600010002732,0001,2021-02-06 08:37:57.462,2,12616,3784,529,5,5
1186,2021020600010002732,0001,2021-02-06 08:37:58.477,2,13710,3782,543,5,5
1187,2021020600010002748,0001,2021-02-06 08:38:10.648,2,2009,2814,471,0,0
1188,2021020600010002748,0001,2021-02-06 08:38:11.663,2,3835,2794,587,0,0
1189,2021020600010002748,0001,2021-02-06 08:38:12.678,2,5495,2699,543,1,1
1190,2021020600010002748,0001,2021-02-06 08:38:13.694,2,6327,2657,545,1,1
1191,2021020600010002748,0001,2021-02-06 08:38:14.709,2,6327,2657,545,2,2
1192,2021020600010002751,0001,2021-02-06 08:38:14.709,2,9085,2479,556,0,0
1193,2021020600010002748,0001,2021-02-06 08:38:15.724,2,6327,2657,545,2,2
1194,2021020600010002749,0001,2021-02-06 08:38:15.724,2,1187,3035,635,0,0
1195,2021020600010002751,0001,2021-02-06 08:38:15.724,2,10839,2391,567,0,0
1196,2021020600010002749,0001,2021-02-06 08:38:16.74,2,2767,3024,657,0,0
1197,2021020600010002751,0001,2021-02-06 08:38:16.74,2,12720,2277,371,1,1
1198,2021020600010002749,0001,2021-02-06 08:38:17.755,2,4347,2981,661,1,1
1199,2021020600010002749,0001,2021-02-06 08:38:18.771,2,6077,2917,680,1,1
1200,2021020600010002750,0001,2021-02-06 08:38:18.771,2,1082,3426,536,0,0
1201,2021020600010002749,0001,2021-02-06 08:38:19.786,2,7573,2907,708,1,1
1202,2021020600010002750,0001,2021-02-06 08:38:19.786,2,2732,3106,465,0,0
1203,2021020600010002749,0001,2021-02-06 08:38:20.801,2,9188,2875,714,2,2
1204,2021020600010002750,0001,2021-02-06 08:38:20.801,2,4418,2822,576,1,1
1205,2021020600010002749,0001,2021-02-06 08:38:21.817,2,10732,2849,727,2,2
1206,2021020600010002750,0001,2021-02-06 08:38:21.817,2,6171,2686,604,1,1
1207,2021020600010002749,0001,2021-02-06 08:38:22.832,2,12408,2864,668,3,3
1208,2021020600010002750,0001,2021-02-06 08:38:22.832,2,8109,2611,726,1,1
1209,2021020600010002749,0001,2021-02-06 08:38:23.833,2,14000,2816,685,3,3
1210,2021020600010002750,0001,2021-02-06 08:38:23.833,2,9752,2681,661,2,2
1211,2021020600010002750,0001,2021-02-06 08:38:24.849,2,10979,2764,551,2,2
1212,2021020600010002754,0001,2021-02-06 08:38:24.849,2,11313,2715,609,0,0
1213,2021020600010002750,0001,2021-02-06 08:38:25.864,2,10979,2764,551,3,3
1214,2021020600010002754,0001,2021-02-06 08:38:25.864,2,12964,2756,583,0,0
1215,2021020600010002750,0001,2021-02-06 08:38:26.88,2,10979,2764,551,3,3
1216,2021020600010002769,0001,2021-02-06 08:39:10.499,2,660,3410,522,0,0
1217,2021020600010002769,0001,2021-02-06 08:39:11.515,2,2011,3410,488,0,0
1218,2021020600010002769,0001,2021-02-06 08:39:12.53,2,3390,3345,481,0,0
1219,2021020600010002769,0001,2021-02-06 08:39:13.545,2,4940,3180,478,1,1
1220,2021020600010002769,0001,2021-02-06 08:39:14.561,2,6343,3130,510,1,1
1221,2021020600010002769,0001,2021-02-06 08:39:15.576,2,7920,3003,544,2,2
1222,2021020600010002769,0001,2021-02-06 08:39:16.591,2,9288,2952,481,2,2
1223,2021020600010002769,0001,2021-02-06 08:39:17.607,2,10889,3050,655,2,2
1224,2021020600010002769,0001,2021-02-06 08:39:18.622,2,12433,2990,641,3,3
1225,2021020600010002769,0001,2021-02-06 08:39:19.638,2,13977,2972,654,3,3
1226,2021020600010002777,0001,2021-02-06 08:39:42.962,2,375,3020,474,0,0
1227,2021020600010002777,0001,2021-02-06 08:39:43.978,2,2016,2795,489,0,0
1228,2021020600010002777,0001,2021-02-06 08:39:44.993,2,3665,2658,606,0,0
1229,2021020600010002777,0001,2021-02-06 08:39:46.008,2,5134,2469,615,1,1
1230,2021020600010002777,0001,2021-02-06 08:39:47.024,2,6792,2226,613,1,1
1231,2021020600010002777,0001,2021-02-06 08:39:48.039,2,8445,2067,609,2,2
1232,2021020600010002777,0001,2021-02-06 08:39:49.055,2,10054,2001,630,2,2
1233,2021020600010002777,0001,2021-02-06 08:39:50.07,2,11756,2048,686,2,2
1234,2021020600010002777,0001,2021-02-06 08:39:51.085,2,13250,2069,646,3,3
1235,2021020600010002789,0001,2021-02-06 08:40:33.689,2,1341,3827,465,0,0
1236,2021020600010002789,0001,2021-02-06 08:40:34.705,2,2911,3695,494,0,0
1237,2021020600010002789,0001,2021-02-06 08:40:35.72,2,4650,3636,525,1,1
1238,2021020600010002789,0001,2021-02-06 08:40:36.736,2,6199,3578,563,1,1
1239,2021020600010002789,0001,2021-02-06 08:40:37.751,2,7671,3440,571,1,1
1240,2021020600010002789,0001,2021-02-06 08:40:38.752,2,9370,3320,553,2,2
1241,2021020600010002789,0001,2021-02-06 08:40:39.768,2,10848,3241,576,2,2
1242,2021020600010002789,0001,2021-02-06 08:40:40.783,2,12763,3204,534,3,3
1243,2021020600010002802,0001,2021-02-06 08:41:43.709,2,1220,4231,429,0,0
1244,2021020600010002802,0001,2021-02-06 08:41:44.725,2,2566,4418,603,0,0
1245,2021020600010002802,0001,2021-02-06 08:41:45.74,2,3943,4494,733,1,1
1246,2021020600010002802,0001,2021-02-06 08:41:46.755,2,5075,4355,499,1,1
1247,2021020600010002802,0001,2021-02-06 08:41:47.771,2,6447,4288,508,1,1
1248,2021020600010002802,0001,2021-02-06 08:41:48.786,2,7833,4211,630,2,2
1249,2021020600010002802,0001,2021-02-06 08:41:49.802,2,9106,4079,661,2,2
1250,2021020600010002802,0001,2021-02-06 08:41:50.817,2,10540,3992,689,3,3
1251,2021020600010002802,0001,2021-02-06 08:41:51.832,2,11878,3943,718,3,3
1252,2021020600010002802,0001,2021-02-06 08:41:52.848,2,13263,3865,606,4,4
1253,2021020600010002804,0001,2021-02-06 08:42:02.988,2,474,2411,397,0,0
1254,2021020600010002804,0001,2021-02-06 08:42:04.003,2,2002,2321,443,0,0
1255,2021020600010002804,0001,2021-02-06 08:42:05.018,2,3584,2428,585,0,0
1256,2021020600010002804,0001,2021-02-06 08:42:06.034,2,5153,2478,588,1,1
1257,2021020600010002804,0001,2021-02-06 08:42:07.049,2,6773,2452,582,1,1
1258,2021020600010002804,0001,2021-02-06 08:42:08.064,2,8424,2319,598,2,2
1259,2021020600010002805,0001,2021-02-06 08:42:08.064,2,468,3564,481,0,0
1260,2021020600010002804,0001,2021-02-06 08:42:09.066,2,9962,2210,643,2,2
1261,2021020600010002805,0001,2021-02-06 08:42:09.066,2,1842,3598,373,0,0
1262,2021020600010002804,0001,2021-02-06 08:42:10.081,2,11519,2213,568,2,2
1263,2021020600010002805,0001,2021-02-06 08:42:10.081,2,3373,3990,455,0,0
1264,2021020600010002804,0001,2021-02-06 08:42:11.097,2,13215,2299,646,3,3
1265,2021020600010002805,0001,2021-02-06 08:42:11.097,2,5035,4208,498,1,1
1266,2021020600010002805,0001,2021-02-06 08:42:12.112,2,6447,4308,476,1,1
1267,2021020600010002805,0001,2021-02-06 08:42:13.127,2,7923,4417,473,2,2
1268,2021020600010002805,0001,2021-02-06 08:42:14.143,2,9554,4339,568,2,2
1269,2021020600010002805,0001,2021-02-06 08:42:15.158,2,11037,4347,486,2,2
1270,2021020600010002805,0001,2021-02-06 08:42:16.174,2,12599,4239,504,3,3
1271,2021020600010002805,0001,2021-02-06 08:42:17.189,2,13984,4190,435,3,3
1272,2021020600010002806,0001,2021-02-06 08:42:21.25,2,414,2418,473,0,0
1273,2021020600010002806,0001,2021-02-06 08:42:22.266,2,1607,2479,542,0,0
1274,2021020600010002806,0001,2021-02-06 08:42:23.281,2,2816,2474,534,0,0
1275,2021020600010002806,0001,2021-02-06 08:42:24.283,2,3963,2494,572,1,1
1276,2021020600010002806,0001,2021-02-06 08:42:25.298,2,5253,2537,572,1,1
1277,2021020600010002806,0001,2021-02-06 08:42:26.313,2,6544,2514,559,2,2
1278,2021020600010002806,0001,2021-02-06 08:42:27.329,2,7706,2486,533,2,2
1279,2021020600010002806,0001,2021-02-06 08:42:28.344,2,8963,2486,569,2,2
1280,2021020600010002806,0001,2021-02-06 08:42:29.36,2,10169,2489,551,3,3
1281,2021020600010002806,0001,2021-02-06 08:42:30.375,2,11384,2497,560,3,3
1282,2021020600010002806,0001,2021-02-06 08:42:31.39,2,12819,2493,533,4,4
1283,2021020600010002806,0001,2021-02-06 08:42:32.406,2,14023,2383,407,4,4
1284,2021020600010002817,0001,2021-02-06 08:43:09.933,2,547,3076,559,0,0
1285,2021020600010002817,0001,2021-02-06 08:43:10.949,2,1950,2973,682,0,0
1286,2021020600010002817,0001,2021-02-06 08:43:11.964,2,3342,2817,669,0,0
1287,2021020600010002817,0001,2021-02-06 08:43:12.979,2,3642,2757,628,1,1
1288,2021020600010002819,0001,2021-02-06 08:43:12.979,2,4373,2838,548,0,0
1289,2021020600010002820,0001,2021-02-06 08:43:12.979,2,4744,2973,689,0,0
1290,2021020600010002817,0001,2021-02-06 08:43:13.995,2,3642,2757,628,1,1
1291,2021020600010002820,0001,2021-02-06 08:43:13.995,2,5734,2848,566,0,0
1292,2021020600010002821,0001,2021-02-06 08:43:13.995,2,6270,2964,825,0,0
1293,2021020600010002817,0001,2021-02-06 08:43:15.01,2,3642,2757,628,2,2
1294,2021020600010002822,0001,2021-02-06 08:43:15.01,2,7696,2960,771,0,0
1295,2021020600010002822,0001,2021-02-06 08:43:16.025,2,7796,2804,650,0,0
1296,2021020600010002823,0001,2021-02-06 08:43:16.025,2,9095,2936,805,0,0
1297,2021020600010002818,0001,2021-02-06 08:43:17.041,2,31,4259,385,0,0
1298,2021020600010002823,0001,2021-02-06 08:43:17.041,2,9153,2735,638,0,0
1299,2021020600010002824,0001,2021-02-06 08:43:17.041,2,10553,2785,848,0,0
1300,2021020600010002818,0001,2021-02-06 08:43:18.056,2,603,4082,370,0,0
1301,2021020600010002824,0001,2021-02-06 08:43:18.056,2,10472,2662,680,0,0
1302,2021020600010002825,0001,2021-02-06 08:43:18.056,2,11883,2799,759,0,0
1303,2021020600010002826,0001,2021-02-06 08:43:18.056,2,1520,3923,425,0,0
1304,2021020600010002818,0001,2021-02-06 08:43:19.072,2,603,4082,370,0,0
1305,2021020600010002825,0001,2021-02-06 08:43:19.072,2,13241,2848,729,0,0
1306,2021020600010002826,0001,2021-02-06 08:43:19.072,2,3110,3766,555,0,0
1307,2021020600010002827,0001,2021-02-06 08:43:19.072,2,12634,2625,694,0,0
1308,2021020600010002818,0001,2021-02-06 08:43:20.087,2,603,4082,370,1,1
1309,2021020600010002826,0001,2021-02-06 08:43:20.087,2,4615,3710,564,0,0
1310,2021020600010002826,0001,2021-02-06 08:43:21.102,2,6172,3639,592,1,1
1311,2021020600010002826,0001,2021-02-06 08:43:22.118,2,7895,3355,580,1,1
1312,2021020600010002826,0001,2021-02-06 08:43:23.133,2,9445,3094,588,1,1
1313,2021020600010002826,0001,2021-02-06 08:43:24.135,2,10930,2956,568,2,2
1314,2021020600010002826,0001,2021-02-06 08:43:25.15,2,12568,2737,449,2,2
1315,2021020600010002826,0001,2021-02-06 08:43:26.165,2,13779,2755,385,3,3
1316,2021020600010002832,0001,2021-02-06 08:43:49.505,2,542,3214,472,0,0
1317,2021020600010002832,0001,2021-02-06 08:43:50.521,2,2346,2925,491,0,0
1318,2021020600010002832,0001,2021-02-06 08:43:51.536,2,4186,2644,526,0,0
1319,2021020600010002832,0001,2021-02-06 08:43:52.551,2,5947,2373,505,1,1
1320,2021020600010002832,0001,2021-02-06 08:43:53.566,2,8008,2145,579,1,1
1321,2021020600010002832,0001,2021-02-06 08:43:54.581,2,9985,2100,582,2,2
1322,2021020600010002832,0001,2021-02-06 08:43:55.597,2,11882,1989,643,2,2
1323,2021020600010002832,0001,2021-02-06 08:43:56.612,2,13817,1880,608,2,2
1324,2021020600010002839,0001,2021-02-06 08:44:55.449,2,1114,3703,473,0,0
1325,2021020600010002839,0001,2021-02-06 08:44:56.464,2,2431,3487,466,0,0
1326,2021020600010002839,0001,2021-02-06 08:44:57.48,2,3199,3324,433,1,1
1327,2021020600010002841,0001,2021-02-06 08:44:57.48,2,3756,3334,438,0,0
1328,2021020600010002839,0001,2021-02-06 08:44:58.495,2,3199,3324,433,1,1
1329,2021020600010002841,0001,2021-02-06 08:44:58.495,2,5007,3279,413,0,0
1330,2021020600010002842,0001,2021-02-06 08:44:58.495,2,5265,3474,556,0,0
1331,2021020600010002839,0001,2021-02-06 08:44:59.51,2,3199,3324,433,1,1
1332,2021020600010002841,0001,2021-02-06 08:44:59.51,2,5007,3279,413,0,0
1333,2021020600010002842,0001,2021-02-06 08:44:59.51,2,6428,3329,475,0,0
1334,2021020600010002842,0001,2021-02-06 08:45:00.526,2,6972,3192,441,0,0
1335,2021020600010002845,0001,2021-02-06 08:45:00.526,2,7867,3334,612,0,0
1336,2021020600010002845,0001,2021-02-06 08:45:01.541,2,9091,3198,493,0,0
1337,2021020600010002845,0001,2021-02-06 08:45:02.557,2,10402,3107,530,0,0
1338,2021020600010002845,0001,2021-02-06 08:45:03.572,2,11793,3009,520,1,1
1339,2021020600010002845,0001,2021-02-06 08:45:04.587,2,12971,2870,431,1,1
1340,2021020600010002846,0001,2021-02-06 08:45:04.587,2,2615,3269,458,0,0
1341,2021020600010002846,0001,2021-02-06 08:45:05.603,2,4122,3285,505,0,0
1342,2021020600010002846,0001,2021-02-06 08:45:06.618,2,5710,3300,542,1,1
1343,2021020600010002846,0001,2021-02-06 08:45:07.633,2,7206,3285,558,1,1
1344,2021020600010002846,0001,2021-02-06 08:45:08.635,2,8872,3252,541,1,1
1345,2021020600010002846,0001,2021-02-06 08:45:09.65,2,10450,3170,528,2,2
1346,2021020600010002846,0001,2021-02-06 08:45:10.666,2,11996,3076,506,2,2
1347,2021020600010002846,0001,2021-02-06 08:45:11.681,2,13493,3054,390,3,3
1348,2021020600010002846,0001,2021-02-06 08:45:12.696,2,13493,3054,390,3,3
1349,2021020600010002846,0001,2021-02-06 08:45:13.712,2,13493,3054,390,3,3
1350,2021020600010002846,0001,2021-02-06 08:45:14.727,2,13493,3054,390,4,4
1351,2021020600010002850,0001,2021-02-06 08:45:18.789,2,13145,271,446,0,0
1352,2021020600010002850,0001,2021-02-06 08:45:19.804,2,11668,384,590,0,0
1353,2021020600010002850,0001,2021-02-06 08:45:20.82,2,9965,461,661,1,1
1354,2021020600010002850,0001,2021-02-06 08:45:21.835,2,8418,594,684,1,1
1355,2021020600010002850,0001,2021-02-06 08:45:22.85,2,6878,636,604,1,1
1356,2021020600010002850,0001,2021-02-06 08:45:23.852,2,5398,584,592,2,2
1357,2021020600010002850,0001,2021-02-06 08:45:24.867,2,3921,537,565,2,2
1358,2021020600010002850,0001,2021-02-06 08:45:25.882,2,2484,644,579,3,3
1359,2021020600010002850,0001,2021-02-06 08:45:26.898,2,822,865,452,3,3
1360,2021020600010002871,0001,2021-02-06 08:45:49.223,2,216,3232,580,0,0
1361,2021020600010002871,0001,2021-02-06 08:45:50.238,2,1710,3243,486,0,0
1362,2021020600010002871,0001,2021-02-06 08:45:51.253,2,3139,3244,526,0,0
1363,2021020600010002871,0001,2021-02-06 08:45:52.269,2,4670,3138,531,1,1
1364,2021020600010002871,0001,2021-02-06 08:45:53.284,2,6129,3074,519,1,1
1365,2021020600010002871,0001,2021-02-06 08:45:54.286,2,7634,3067,552,2,2
1366,2021020600010002871,0001,2021-02-06 08:45:55.301,2,9097,3046,601,2,2
1367,2021020600010002871,0001,2021-02-06 08:45:56.316,2,10540,3099,636,2,2
1368,2021020600010002871,0001,2021-02-06 08:45:57.332,2,12114,3274,607,3,3
1369,2021020600010002871,0001,2021-02-06 08:45:58.347,2,13503,3305,615,3,3
1370,2021020600010002877,0001,2021-02-06 08:46:18.64,2,729,3674,540,0,0
1371,2021020600010002877,0001,2021-02-06 08:46:19.656,2,2200,3618,473,0,0
1372,2021020600010002877,0001,2021-02-06 08:46:20.671,2,3854,3579,484,0,0
1373,2021020600010002877,0001,2021-02-06 08:46:21.686,2,5177,3497,544,1,1
1374,2021020600010002877,0001,2021-02-06 08:46:22.702,2,6627,3470,512,1,1
1375,2021020600010002877,0001,2021-02-06 08:46:23.703,2,8073,3324,505,2,2
1376,2021020600010002877,0001,2021-02-06 08:46:24.719,2,9516,3185,529,2,2
1377,2021020600010002877,0001,2021-02-06 08:46:25.734,2,10992,3048,498,3,3
1378,2021020600010002877,0001,2021-02-06 08:46:26.749,2,12468,2988,465,3,3
1379,2021020600010002877,0001,2021-02-06 08:46:27.765,2,13803,2898,529,3,3
1380,2021020600010002878,0001,2021-02-06 08:46:47.043,2,1220,1709,822,0,0
1381,2021020600010002878,0001,2021-02-06 08:46:48.058,2,2513,1694,771,0,0
1382,2021020600010002878,0001,2021-02-06 08:46:49.074,2,3798,1632,642,1,1
1383,2021020600010002881,0001,2021-02-06 08:46:49.074,2,3946,1731,539,0,0
1384,2021020600010002878,0001,2021-02-06 08:46:50.089,2,5101,1591,606,1,1
1385,2021020600010002880,0001,2021-02-06 08:46:50.089,2,1261,3320,656,0,0
1386,2021020600010002878,0001,2021-02-06 08:46:51.105,2,6517,1519,613,2,2
1387,2021020600010002880,0001,2021-02-06 08:46:51.105,2,2745,3475,497,0,0
1388,2021020600010002878,0001,2021-02-06 08:46:52.12,2,7849,1471,594,2,2
1389,2021020600010002880,0001,2021-02-06 08:46:52.12,2,4016,3391,570,1,1
1390,2021020600010002878,0001,2021-02-06 08:46:53.135,2,9192,1477,611,2,2
1391,2021020600010002880,0001,2021-02-06 08:46:53.135,2,5562,3313,533,1,1
1392,2021020600010002878,0001,2021-02-06 08:46:54.137,2,10507,1476,649,3,3
1393,2021020600010002880,0001,2021-02-06 08:46:54.137,2,6899,3185,546,1,1
1394,2021020600010002878,0001,2021-02-06 08:46:55.152,2,11826,1452,627,3,3
1395,2021020600010002880,0001,2021-02-06 08:46:55.152,2,8377,3157,595,2,2
1396,2021020600010002878,0001,2021-02-06 08:46:56.168,2,13164,1354,635,4,4
1397,2021020600010002880,0001,2021-02-06 08:46:56.168,2,9890,2980,611,2,2
1398,2021020600010002880,0001,2021-02-06 08:46:57.183,2,11363,2809,610,3,3
1399,2021020600010002880,0001,2021-02-06 08:46:58.198,2,12850,2793,642,3,3
1400,2021020600010002884,0001,2021-02-06 08:47:59.008,2,14037,2036,632,0,0
1401,2021020600010002884,0001,2021-02-06 08:48:00.023,2,12645,2145,622,0,0
1402,2021020600010002884,0001,2021-02-06 08:48:01.038,2,11232,2286,603,0,0
1403,2021020600010002884,0001,2021-02-06 08:48:02.054,2,9682,2438,586,1,1
1404,2021020600010002884,0001,2021-02-06 08:48:03.069,2,8200,2548,612,1,1
1405,2021020600010002884,0001,2021-02-06 08:48:04.084,2,6807,2667,627,2,2
1406,2021020600010002884,0001,2021-02-06 08:48:05.1,2,5275,2708,636,2,2
1407,2021020600010002884,0001,2021-02-06 08:48:06.115,2,3837,2732,599,2,2
1408,2021020600010002884,0001,2021-02-06 08:48:07.13,2,2307,2693,590,3,3
1409,2021020600010002884,0001,2021-02-06 08:48:08.146,2,902,2851,364,3,3
1410,2021020600010002886,0001,2021-02-06 08:48:08.146,2,1129,4047,587,0,0
1411,2021020600010002886,0001,2021-02-06 08:48:09.147,2,2638,3844,466,0,0
1412,2021020600010002886,0001,2021-02-06 08:48:10.162,2,3948,3657,527,1,1
1413,2021020600010002886,0001,2021-02-06 08:48:11.178,2,5297,3478,549,1,1
1414,2021020600010002886,0001,2021-02-06 08:48:12.193,2,6745,3201,568,2,2
1415,2021020600010002886,0001,2021-02-06 08:48:13.208,2,8030,2985,582,2,2
1416,2021020600010002886,0001,2021-02-06 08:48:14.224,2,9609,2825,669,2,2
1417,2021020600010002886,0001,2021-02-06 08:48:15.239,2,11014,2644,692,3,3
1418,2021020600010002886,0001,2021-02-06 08:48:16.254,2,12302,2531,712,3,3
1419,2021020600010002886,0001,2021-02-06 08:48:17.27,2,13657,2499,669,4,4
1420,2021020600010002892,0001,2021-02-06 08:48:38.576,2,647,3605,597,0,0
1421,2021020600010002892,0001,2021-02-06 08:48:39.591,2,2016,3549,579,0,0
1422,2021020600010002892,0001,2021-02-06 08:48:40.607,2,3342,3456,591,0,0
1423,2021020600010002892,0001,2021-02-06 08:48:41.622,2,4647,3460,564,1,1
1424,2021020600010002892,0001,2021-02-06 08:48:42.638,2,5937,3500,565,1,1
1425,2021020600010002892,0001,2021-02-06 08:48:43.653,2,7275,3454,555,2,2
1426,2021020600010002892,0001,2021-02-06 08:48:44.668,2,8658,3499,578,2,2
1427,2021020600010002892,0001,2021-02-06 08:48:45.684,2,9921,3563,562,2,2
1428,2021020600010002892,0001,2021-02-06 08:48:46.699,2,11234,3625,594,3,3
1429,2021020600010002892,0001,2021-02-06 08:48:47.715,2,12624,3561,585,3,3
1430,2021020600010002892,0001,2021-02-06 08:48:48.73,2,14009,3605,381,4,4
1431,2021020600010002892,0001,2021-02-06 08:48:49.745,2,14105,3616,358,4,4
1432,2021020600010002892,0001,2021-02-06 08:48:50.761,2,14105,3616,358,5,5
1433,2021020600010002892,0001,2021-02-06 08:48:51.776,2,14105,3616,358,5,5
1434,2021020600010002893,0001,2021-02-06 08:48:52.791,2,13611,3833,363,0,0
1435,2021020600010002893,0001,2021-02-06 08:48:53.793,2,12402,3817,516,0,0
1436,2021020600010002893,0001,2021-02-06 08:48:54.808,2,10802,3616,531,1,1
1437,2021020600010002893,0001,2021-02-06 08:48:55.823,2,9285,3473,549,1,1
1438,2021020600010002893,0001,2021-02-06 08:48:56.839,2,7757,3394,560,1,1
1439,2021020600010002893,0001,2021-02-06 08:48:57.854,2,6227,3258,582,2,2
1440,2021020600010002893,0001,2021-02-06 08:48:58.87,2,4645,3090,609,2,2
1441,2021020600010002893,0001,2021-02-06 08:48:59.885,2,3085,2924,581,3,3
1442,2021020600010002893,0001,2021-02-06 08:49:00.9,2,1549,2857,373,3,3
1443,2021020600010002893,0001,2021-02-06 08:49:01.916,2,76,3259,584,3,3
1444,2021020600010002895,0001,2021-02-06 08:49:05.977,2,1404,2736,496,0,0
1445,2021020600010002895,0001,2021-02-06 08:49:06.993,2,2822,2831,559,0,0
1446,2021020600010002895,0001,2021-02-06 08:49:08.008,2,4252,3095,621,1,1
1447,2021020600010002895,0001,2021-02-06 08:49:09.01,2,5643,3426,637,1,1
1448,2021020600010002895,0001,2021-02-06 08:49:10.025,2,7116,3825,643,1,1
1449,2021020600010002895,0001,2021-02-06 08:49:11.04,2,8444,4029,579,2,2
1450,2021020600010002895,0001,2021-02-06 08:49:12.055,2,9944,4121,596,2,2
1451,2021020600010002895,0001,2021-02-06 08:49:13.071,2,11302,3948,549,3,3
1452,2021020600010002895,0001,2021-02-06 08:49:14.086,2,12899,3756,456,3,3
1453,2021020600010002898,0001,2021-02-06 08:50:05.829,2,1216,4017,624,0,0
1454,2021020600010002898,0001,2021-02-06 08:50:06.845,2,2460,4034,685,0,0
1455,2021020600010002898,0001,2021-02-06 08:50:07.86,2,3757,4092,689,1,1
1456,2021020600010002898,0001,2021-02-06 08:50:08.861,2,5208,4129,632,1,1
1457,2021020600010002898,0001,2021-02-06 08:50:09.877,2,6464,4101,651,1,1
1458,2021020600010002898,0001,2021-02-06 08:50:10.892,2,7717,4021,705,2,2
1459,2021020600010002898,0001,2021-02-06 08:50:11.908,2,9022,3944,565,2,2
1460,2021020600010002898,0001,2021-02-06 08:50:12.923,2,10346,3919,487,3,3
1461,2021020600010002898,0001,2021-02-06 08:50:13.939,2,11822,3918,551,3,3
1462,2021020600010002901,0001,2021-02-06 08:50:13.939,2,503,3209,504,0,0
1463,2021020600010002898,0001,2021-02-06 08:50:14.954,2,13092,3825,479,4,4
1464,2021020600010002901,0001,2021-02-06 08:50:14.954,2,1942,2891,496,0,0
1465,2021020600010002901,0001,2021-02-06 08:50:15.969,2,3625,2876,679,0,0
1466,2021020600010002901,0001,2021-02-06 08:50:16.985,2,5135,2702,659,1,1
1467,2021020600010002901,0001,2021-02-06 08:50:18,2,6662,2627,641,1,1
1468,2021020600010002901,0001,2021-02-06 08:50:19.015,2,8124,2545,656,2,2
1469,2021020600010002901,0001,2021-02-06 08:50:20.031,2,9624,2536,640,2,2
1470,2021020600010002901,0001,2021-02-06 08:50:21.046,2,11328,2538,661,2,2
1471,2021020600010002901,0001,2021-02-06 08:50:22.062,2,12715,2644,566,3,3
1472,2021020600010002904,0001,2021-02-06 08:50:48.447,2,106,3079,426,0,0
1473,2021020600010002905,0001,2021-02-06 08:50:48.447,2,489,2528,452,0,0
1474,2021020600010002904,0001,2021-02-06 08:50:49.462,2,106,3079,426,0,0
1475,2021020600010002905,0001,2021-02-06 08:50:49.462,2,1726,2829,622,0,0
1476,2021020600010002906,0001,2021-02-06 08:50:49.462,2,2084,3159,593,0,0
1477,2021020600010002907,0001,2021-02-06 08:50:49.462,2,1994,2541,648,0,0
1478,2021020600010002904,0001,2021-02-06 08:50:50.477,2,106,3079,426,0,0
1479,2021020600010002905,0001,2021-02-06 08:50:50.477,2,3381,2570,445,0,0
1480,2021020600010002906,0001,2021-02-06 08:50:50.477,2,2648,3147,369,0,0
1481,2021020600010002907,0001,2021-02-06 08:50:50.477,2,3320,3163,855,0,0
1482,2021020600010002908,0001,2021-02-06 08:50:50.477,2,3599,3333,566,0,0
1483,2021020600010002905,0001,2021-02-06 08:50:51.493,2,4831,3316,681,1,1
1484,2021020600010002907,0001,2021-02-06 08:50:51.493,2,4919,2795,480,0,0
1485,2021020600010002908,0001,2021-02-06 08:50:51.493,2,5123,3434,524,0,0
1486,2021020600010002905,0001,2021-02-06 08:50:52.508,2,6505,3139,572,1,1
1487,2021020600010002907,0001,2021-02-06 08:50:52.508,2,5545,2962,418,1,1
1488,2021020600010002908,0001,2021-02-06 08:50:52.508,2,6389,3564,531,0,0
1489,2021020600010002905,0001,2021-02-06 08:50:53.51,2,7087,3044,403,2,2
1490,2021020600010002907,0001,2021-02-06 08:50:53.51,2,5545,2962,418,1,1
1491,2021020600010002908,0001,2021-02-06 08:50:53.51,2,7914,3424,879,1,1
1492,2021020600010002909,0001,2021-02-06 08:50:53.51,2,7646,3129,435,0,0
1493,2021020600010002905,0001,2021-02-06 08:50:54.525,2,7087,3044,403,2,2
1494,2021020600010002908,0001,2021-02-06 08:50:54.525,2,9337,3494,967,1,1
1495,2021020600010002909,0001,2021-02-06 08:50:54.525,2,9007,3145,416,0,0
1496,2021020600010002905,0001,2021-02-06 08:50:55.54,2,7087,3044,403,2,2
1497,2021020600010002908,0001,2021-02-06 08:50:55.54,2,10975,3279,472,2,2
1498,2021020600010002910,0001,2021-02-06 08:50:55.54,2,10890,3626,1205,0,0
1499,2021020600010002908,0001,2021-02-06 08:50:56.556,2,12265,3343,666,2,2
1500,2021020600010002910,0001,2021-02-06 08:50:56.556,2,12319,3839,461,0,0
1501,2021020600010002908,0001,2021-02-06 08:50:57.571,2,13419,3284,607,2,2
1502,2021020600010002910,0001,2021-02-06 08:50:57.571,2,13729,3424,872,1,1
1503,2021020600010002911,0001,2021-02-06 08:50:57.571,2,13985,3824,606,0,0
1504,2021020600010002908,0001,2021-02-06 08:50:58.586,2,13419,3284,607,3,3
1505,2021020600010002908,0001,2021-02-06 08:50:59.602,2,13419,3284,607,3,3
1506,2021020600010002922,0001,2021-02-06 08:51:54.377,2,1052,1793,617,0,0
1507,2021020600010002922,0001,2021-02-06 08:51:55.392,2,2338,1748,629,0,0
1508,2021020600010002922,0001,2021-02-06 08:51:56.407,2,3559,1787,651,1,1
1509,2021020600010002922,0001,2021-02-06 08:51:57.423,2,4815,1868,665,1,1
1510,2021020600010002922,0001,2021-02-06 08:51:58.438,2,6075,1902,641,1,1
1511,2021020600010002922,0001,2021-02-06 08:51:59.453,2,7270,1812,654,2,2
1512,2021020600010002922,0001,2021-02-06 08:52:00.469,2,8572,1723,652,2,2
1513,2021020600010002922,0001,2021-02-06 08:52:01.484,2,9927,1684,662,3,3
1514,2021020600010002922,0001,2021-02-06 08:52:02.5,2,11225,1705,679,3,3
1515,2021020600010002922,0001,2021-02-06 08:52:03.515,2,12365,1683,545,4,4
1516,2021020600010002922,0001,2021-02-06 08:52:04.53,2,13746,1780,685,4,4
1517,2021020600010002930,0001,2021-02-06 08:52:27.857,2,1168,1455,465,0,0
1518,2021020600010002931,0001,2021-02-06 08:52:27.857,2,13375,3553,397,0,0
1519,2021020600010002930,0001,2021-02-06 08:52:28.872,2,2576,1526,534,0,0
1520,2021020600010002931,0001,2021-02-06 08:52:28.872,2,11988,3581,613,0,0
1521,2021020600010002930,0001,2021-02-06 08:52:29.887,2,4007,1483,549,1,1
1522,2021020600010002931,0001,2021-02-06 08:52:29.887,2,10619,3735,593,1,1
1523,2021020600010002930,0001,2021-02-06 08:52:30.903,2,5443,1537,548,1,1
1524,2021020600010002931,0001,2021-02-06 08:52:30.903,2,9249,3831,524,1,1
1525,2021020600010002930,0001,2021-02-06 08:52:31.918,2,6968,1608,562,2,2
1526,2021020600010002931,0001,2021-02-06 08:52:31.918,2,7815,3897,535,1,1
1527,2021020600010002930,0001,2021-02-06 08:52:32.933,2,8506,1653,529,2,2
1528,2021020600010002931,0001,2021-02-06 08:52:32.933,2,6367,3962,579,2,2
1529,2021020600010002930,0001,2021-02-06 08:52:33.949,2,10038,1769,533,2,2
1530,2021020600010002931,0001,2021-02-06 08:52:33.949,2,4912,4019,549,2,2
1531,2021020600010002930,0001,2021-02-06 08:52:34.964,2,11556,1933,517,3,3
1532,2021020600010002931,0001,2021-02-06 08:52:34.964,2,3391,3977,458,3,3
1533,2021020600010002930,0001,2021-02-06 08:52:35.98,2,13203,2056,470,3,3
1534,2021020600010002931,0001,2021-02-06 08:52:35.98,2,1968,4063,392,3,3
1535,2021020600010002931,0001,2021-02-06 08:52:36.995,2,576,4108,362,3,3
1536,2021020600010002936,0001,2021-02-06 08:53:07.428,2,2187,2635,549,0,0
1537,2021020600010002937,0001,2021-02-06 08:53:07.428,2,2521,2769,646,0,0
1538,2021020600010002936,0001,2021-02-06 08:53:08.429,2,2187,2635,549,0,0
1539,2021020600010002938,0001,2021-02-06 08:53:08.429,2,5432,2429,628,0,0
1540,2021020600010002936,0001,2021-02-06 08:53:09.445,2,2187,2635,549,1,1
1541,2021020600010002938,0001,2021-02-06 08:53:09.445,2,8146,2225,708,0,0
1542,2021020600010002936,0001,2021-02-06 08:53:10.46,2,2187,2635,549,1,1
1543,2021020600010002938,0001,2021-02-06 08:53:10.46,2,10852,2002,667,1,1
1544,2021020600010002938,0001,2021-02-06 08:53:11.475,2,13606,1879,489,1,1
1545,2021020600010002940,0001,2021-02-06 08:53:23.646,2,1453,3558,677,0,0
1546,2021020600010002940,0001,2021-02-06 08:53:24.661,2,3269,3490,641,0,0
1547,2021020600010002940,0001,2021-02-06 08:53:25.677,2,4524,3339,503,1,1
1548,2021020600010002943,0001,2021-02-06 08:53:25.677,2,4780,3408,516,0,0
1549,2021020600010002940,0001,2021-02-06 08:53:26.692,2,4524,3339,503,1,1
1550,2021020600010002943,0001,2021-02-06 08:53:26.692,2,6282,3214,556,0,0
1551,2021020600010002944,0001,2021-02-06 08:53:26.692,2,6607,3304,513,0,0
1552,2021020600010002940,0001,2021-02-06 08:53:27.707,2,4524,3339,503,1,1
1553,2021020600010002941,0001,2021-02-06 08:53:27.707,2,460,3574,492,0,0
1554,2021020600010002943,0001,2021-02-06 08:53:27.707,2,6282,3214,556,0,0
1555,2021020600010002944,0001,2021-02-06 08:53:27.707,2,8262,3174,519,0,0
1556,2021020600010002940,0001,2021-02-06 08:53:28.723,2,4524,3339,503,2,2
1557,2021020600010002941,0001,2021-02-06 08:53:28.723,2,1868,3393,528,0,0
1558,2021020600010002944,0001,2021-02-06 08:53:28.723,2,9858,3136,594,0,0
1559,2021020600010002939,0001,2021-02-06 08:53:29.739,2,14189,518,653,0,0
1560,2021020600010002941,0001,2021-02-06 08:53:29.739,2,3473,3083,553,0,0
1561,2021020600010002944,0001,2021-02-06 08:53:29.739,2,11772,3092,501,1,1
1562,2021020600010002939,0001,2021-02-06 08:53:30.754,2,14225,418,606,0,0
1563,2021020600010002941,0001,2021-02-06 08:53:30.754,2,5034,2997,567,1,1
1564,2021020600010002944,0001,2021-02-06 08:53:30.754,2,13368,2947,613,1,1
1565,2021020600010002939,0001,2021-02-06 08:53:31.769,2,14185,469,612,0,0
1566,2021020600010002941,0001,2021-02-06 08:53:31.769,2,6431,3119,592,1,1
1567,2021020600010002939,0001,2021-02-06 08:53:32.785,2,14067,597,516,0,0
1568,2021020600010002941,0001,2021-02-06 08:53:32.785,2,7875,3262,595,2,2
1569,2021020600010002942,0001,2021-02-06 08:53:32.785,2,1268,1550,715,0,0
1570,2021020600010002939,0001,2021-02-06 08:53:33.8,2,13258,750,619,0,0
1571,2021020600010002941,0001,2021-02-06 08:53:33.8,2,9348,3264,604,2,2
1572,2021020600010002942,0001,2021-02-06 08:53:33.8,2,2703,1731,717,0,0
1573,2021020600010002945,0001,2021-02-06 08:53:33.8,2,478,3416,651,0,0
1574,2021020600010002939,0001,2021-02-06 08:53:34.815,2,11755,664,567,1,1
1575,2021020600010002941,0001,2021-02-06 08:53:34.815,2,9940,3108,520,2,2
1576,2021020600010002942,0001,2021-02-06 08:53:34.815,2,3973,1674,699,1,1
1577,2021020600010002945,0001,2021-02-06 08:53:34.815,2,2048,3204,657,0,0
1578,2021020600010002947,0001,2021-02-06 08:53:34.815,2,10844,3033,542,0,0
1579,2021020600010002939,0001,2021-02-06 08:53:35.831,2,10189,598,530,1,1
1580,2021020600010002941,0001,2021-02-06 08:53:35.831,2,9940,3108,520,3,3
1581,2021020600010002942,0001,2021-02-06 08:53:35.831,2,4005,1576,685,1,1
1582,2021020600010002945,0001,2021-02-06 08:53:35.831,2,3705,3204,735,0,0
1583,2021020600010002946,0001,2021-02-06 08:53:35.831,2,727,3283,354,0,0
1584,2021020600010002947,0001,2021-02-06 08:53:35.831,2,12368,2688,554,0,0
1585,2021020600010002949,0001,2021-02-06 08:53:35.831,2,5329,1565,704,0,0
1586,2021020600010002939,0001,2021-02-06 08:53:36.846,2,8371,601,569,2,2
1587,2021020600010002941,0001,2021-02-06 08:53:36.846,2,9940,3108,520,3,3
1588,2021020600010002942,0001,2021-02-06 08:53:36.846,2,4005,1576,685,2,2
1589,2021020600010002945,0001,2021-02-06 08:53:36.846,2,5757,3259,753,1,1
1590,2021020600010002946,0001,2021-02-06 08:53:36.846,2,2924,3152,403,0,0
1591,2021020600010002947,0001,2021-02-06 08:53:36.846,2,13922,2673,486,0,0
1592,2021020600010002950,0001,2021-02-06 08:53:36.846,2,6669,1439,717,0,0
1593,2021020600010002939,0001,2021-02-06 08:53:37.861,2,6780,680,543,2,2
1594,2021020600010002942,0001,2021-02-06 08:53:37.861,2,4005,1576,685,2,2
1595,2021020600010002945,0001,2021-02-06 08:53:37.861,2,7358,3256,738,1,1
1596,2021020600010002946,0001,2021-02-06 08:53:37.861,2,4706,2993,695,1,1
1597,2021020600010002950,0001,2021-02-06 08:53:37.861,2,7278,1422,698,0,0
1598,2021020600010002951,0001,2021-02-06 08:53:37.861,2,7787,1470,696,0,0
1599,2021020600010002939,0001,2021-02-06 08:53:38.863,2,5117,658,579,3,3
1600,2021020600010002945,0001,2021-02-06 08:53:38.863,2,9148,3282,768,2,2
1601,2021020600010002946,0001,2021-02-06 08:53:38.863,2,6494,2937,632,1,1
1602,2021020600010002948,0001,2021-02-06 08:53:38.863,2,1355,3331,457,0,0
1603,2021020600010002950,0001,2021-02-06 08:53:38.863,2,7278,1422,698,1,1
1604,2021020600010002951,0001,2021-02-06 08:53:38.863,2,8588,1714,695,0,0
1605,2021020600010002952,0001,2021-02-06 08:53:38.863,2,9133,1561,741,0,0
1606,2021020600010002939,0001,2021-02-06 08:53:39.878,2,3541,696,552,3,3
1607,2021020600010002945,0001,2021-02-06 08:53:39.878,2,10663,3209,486,2,2
1608,2021020600010002946,0001,2021-02-06 08:53:39.878,2,7904,2975,405,1,1
1609,2021020600010002948,0001,2021-02-06 08:53:39.878,2,2917,3296,564,0,0
1610,2021020600010002952,0001,2021-02-06 08:53:39.878,2,10329,1498,699,0,0
1611,2021020600010002953,0001,2021-02-06 08:53:39.878,2,8147,2985,419,0,0
1612,2021020600010002939,0001,2021-02-06 08:53:40.894,2,2025,797,535,3,3
1613,2021020600010002945,0001,2021-02-06 08:53:40.894,2,12599,3132,719,2,2
1614,2021020600010002946,0001,2021-02-06 08:53:40.894,2,10221,3147,638,2,2
1615,2021020600010002948,0001,2021-02-06 08:53:40.894,2,4442,3129,524,1,1
1616,2021020600010002952,0001,2021-02-06 08:53:40.894,2,11318,1333,729,1,1
1617,2021020600010002954,0001,2021-02-06 08:53:40.894,2,11754,1337,421,0,0
1618,2021020600010002939,0001,2021-02-06 08:53:41.909,2,586,989,558,4,4
1619,2021020600010002945,0001,2021-02-06 08:53:41.909,2,14230,3024,762,3,3
1620,2021020600010002946,0001,2021-02-06 08:53:41.909,2,12027,3336,604,2,2
1621,2021020600010002948,0001,2021-02-06 08:53:41.909,2,6120,3071,592,1,1
1622,2021020600010002952,0001,2021-02-06 08:53:41.909,2,11625,1318,751,1,1
1623,2021020600010002954,0001,2021-02-06 08:53:41.909,2,12866,1437,735,0,0
1624,2021020600010002946,0001,2021-02-06 08:53:42.925,2,13837,3500,533,3,3
1625,2021020600010002948,0001,2021-02-06 08:53:42.925,2,7563,3001,550,1,1
1626,2021020600010002952,0001,2021-02-06 08:53:42.925,2,11625,1318,751,1,1
1627,2021020600010002954,0001,2021-02-06 08:53:42.925,2,14073,1506,563,0,0
1628,2021020600010002948,0001,2021-02-06 08:53:43.94,2,9118,2987,568,2,2
1629,2021020600010002952,0001,2021-02-06 08:53:43.94,2,11625,1318,751,2,2
1630,2021020600010002948,0001,2021-02-06 08:53:44.955,2,10765,2937,612,2,2
1631,2021020600010002948,0001,2021-02-06 08:53:45.971,2,12474,2851,615,3,3
1632,2021020600010002948,0001,2021-02-06 08:53:46.986,2,14145,2750,359,3,3
1633,2021020600010002970,0001,2021-02-06 08:55:48.721,2,841,976,382,0,0
1634,2021020600010002970,0001,2021-02-06 08:55:49.736,2,2368,1084,577,0,0
1635,2021020600010002970,0001,2021-02-06 08:55:50.751,2,3824,1273,517,1,1
1636,2021020600010002970,0001,2021-02-06 08:55:51.767,2,5346,1302,681,1,1
1637,2021020600010002970,0001,2021-02-06 08:55:52.782,2,6853,1395,495,1,1
1638,2021020600010002970,0001,2021-02-06 08:55:53.784,2,8272,1404,558,2,2
1639,2021020600010002970,0001,2021-02-06 08:55:54.799,2,9631,1420,579,2,2
1640,2021020600010002970,0001,2021-02-06 08:55:55.814,2,11006,1449,582,3,3
1641,2021020600010002970,0001,2021-02-06 08:55:56.83,2,12395,1549,599,3,3
1642,2021020600010002970,0001,2021-02-06 08:55:57.845,2,13700,1561,602,3,3
1643,2021020600010002982,0001,2021-02-06 08:57:05.82,2,13731,3014,368,0,0
1644,2021020600010002982,0001,2021-02-06 08:57:06.836,2,12334,3250,353,0,0
1645,2021020600010002984,0001,2021-02-06 08:57:06.836,2,12357,2754,666,0,0
1646,2021020600010002982,0001,2021-02-06 08:57:07.851,2,10684,3216,505,1,1
1647,2021020600010002984,0001,2021-02-06 08:57:07.851,2,10749,2676,578,0,0
1648,2021020600010002982,0001,2021-02-06 08:57:08.864,2,9157,2899,1107,1,1
1649,2021020600010002984,0001,2021-02-06 08:57:08.864,2,9278,3177,493,1,1
1650,2021020600010002982,0001,2021-02-06 08:57:09.879,2,7697,2978,1226,1,1
1651,2021020600010002984,0001,2021-02-06 08:57:09.879,2,7701,3311,531,1,1
1652,2021020600010002985,0001,2021-02-06 08:57:09.879,2,7562,2680,578,0,0
1653,2021020600010002982,0001,2021-02-06 08:57:10.884,2,7489,2987,1207,2,2
1654,2021020600010002984,0001,2021-02-06 08:57:10.884,2,6160,3028,1215,1,1
1655,2021020600010002985,0001,2021-02-06 08:57:10.884,2,6211,2672,556,0,0
1656,2021020600010002982,0001,2021-02-06 08:57:11.899,2,7489,2987,1207,2,2
1657,2021020600010002984,0001,2021-02-06 08:57:11.899,2,5934,3052,1193,2,2
1658,2021020600010002985,0001,2021-02-06 08:57:11.899,2,4454,2758,463,1,1
1659,2021020600010002986,0001,2021-02-06 08:57:11.899,2,4487,3383,806,0,0
1660,2021020600010002982,0001,2021-02-06 08:57:12.9,2,7489,2987,1207,3,3
1661,2021020600010002984,0001,2021-02-06 08:57:12.9,2,5934,3052,1193,2,2
1662,2021020600010002985,0001,2021-02-06 08:57:12.9,2,2984,2965,487,1,1
1663,2021020600010002986,0001,2021-02-06 08:57:12.9,2,3110,3652,527,0,0
1664,2021020600010002984,0001,2021-02-06 08:57:13.903,2,5934,3052,1193,3,3
1665,2021020600010002985,0001,2021-02-06 08:57:13.903,2,1504,3241,393,1,1
1666,2021020600010002986,0001,2021-02-06 08:57:13.903,2,1844,3869,544,1,1
1667,2021020600010002985,0001,2021-02-06 08:57:14.904,2,633,4030,383,2,2
1668,2021020600010002986,0001,2021-02-06 08:57:14.904,2,1221,3939,572,1,1
1669,2021020600010002987,0001,2021-02-06 08:57:14.904,2,36,3611,438,0,0
1670,2021020600010002986,0001,2021-02-06 08:57:15.919,2,1221,3939,572,1,1
1671,2021020600010002996,0001,2021-02-06 08:57:42.273,2,216,1858,591,0,0
1672,2021020600010002996,0001,2021-02-06 08:57:43.289,2,1583,1775,541,0,0
1673,2021020600010002996,0001,2021-02-06 08:57:44.304,2,3090,1863,523,0,0
1674,2021020600010002996,0001,2021-02-06 08:57:45.32,2,4542,1961,502,1,1
1675,2021020600010002996,0001,2021-02-06 08:57:46.335,2,6007,2066,502,1,1
1676,2021020600010002996,0001,2021-02-06 08:57:47.35,2,7527,2175,512,2,2
1677,2021020600010002996,0001,2021-02-06 08:57:48.365,2,8975,2236,489,2,2
1678,2021020600010002996,0001,2021-02-06 08:57:49.381,2,10409,2354,470,2,2
1679,2021020600010002996,0001,2021-02-06 08:57:50.396,2,11828,2397,621,3,3
1680,2021020600010002996,0001,2021-02-06 08:57:51.412,2,13378,2554,589,3,3
1681,2021020600010003001,0001,2021-02-06 08:58:14.737,2,1138,2724,374,0,0
1682,2021020600010003001,0001,2021-02-06 08:58:15.753,2,2271,2640,409,0,0
1683,2021020600010003001,0001,2021-02-06 08:58:16.768,2,3448,2696,423,1,1
1684,2021020600010003001,0001,2021-02-06 08:58:17.784,2,4557,2698,439,1,1
1685,2021020600010003001,0001,2021-02-06 08:58:18.799,2,5737,2705,443,1,1
1686,2021020600010003001,0001,2021-02-06 08:58:19.814,2,6799,2746,448,2,2
1687,2021020600010003001,0001,2021-02-06 08:58:20.83,2,7986,2847,481,2,2
1688,2021020600010003001,0001,2021-02-06 08:58:21.845,2,9120,2920,505,3,3
1689,2021020600010003001,0001,2021-02-06 08:58:22.86,2,10252,2987,466,3,3
1690,2021020600010003001,0001,2021-02-06 08:58:23.862,2,11387,2986,461,4,4
1691,2021020600010003001,0001,2021-02-06 08:58:24.877,2,12379,2885,454,4,4
1692,2021020600010003001,0001,2021-02-06 08:58:25.893,2,13546,2842,374,4,4
1693,2021020600010003002,0001,2021-02-06 08:59:21.697,2,13197,3877,660,0,0
1694,2021020600010003002,0001,2021-02-06 08:59:22.712,2,11669,4045,702,0,0
1695,2021020600010003002,0001,2021-02-06 08:59:23.713,2,10215,4257,724,1,1
1696,2021020600010003002,0001,2021-02-06 08:59:24.728,2,8872,4522,702,1,1
1697,2021020600010003002,0001,2021-02-06 08:59:25.743,2,7439,4696,697,1,1
1698,2021020600010003002,0001,2021-02-06 08:59:26.759,2,6069,4749,779,2,2
1699,2021020600010003002,0001,2021-02-06 08:59:27.774,2,4733,4724,706,2,2
1700,2021020600010003002,0001,2021-02-06 08:59:28.789,2,3233,4720,682,3,3
1701,2021020600010003002,0001,2021-02-06 08:59:29.805,2,1887,4539,482,3,3
1702,2021020600010003002,0001,2021-02-06 08:59:30.82,2,546,4659,498,3,3
